# Time-averaged data for fix info
# TimeStep v_temp v_ke v_pe v_etotal v_vol
100 392.25 8.01096 -302.256 -294.245 24252.1
200 393.553 8.03758 -300.66 -292.622 24252.1
300 505.478 10.3234 -301.039 -290.716 24252.1
400 518.729 10.5941 -300.666 -290.072 24252.1
500 453.213 9.25601 -299.358 -290.102 24252.1
600 519.138 10.6024 -299.375 -288.772 24252.1
700 557.047 11.3766 -300.275 -288.898 24252.1
800 462.631 9.44836 -299.663 -290.214 24252.1
900 524.366 10.7092 -300.809 -290.1 24252.1
1000 488.061 9.96771 -300.828 -290.86 24252.1
1100 442.627 9.03981 -300.32 -291.28 24252.1
1200 536.353 10.954 -301.283 -290.329 24252.1
1300 483.641 9.87745 -300.189 -290.312 24252.1
1400 527.698 10.7772 -301.15 -290.373 24252.1
1500 469.053 9.57952 -300.77 -291.191 24252.1
1600 486.865 9.94329 -301.839 -291.895 24252.1
1700 438.331 8.95208 -301.894 -292.942 24252.1
1800 454.606 9.28447 -301.877 -292.592 24252.1
1900 504.839 10.3104 -301.223 -290.912 24252.1
2000 507.815 10.3711 -300.892 -290.521 24252.1
2100 500.388 10.2195 -301.235 -291.016 24252.1
2200 476.648 9.73464 -301.634 -291.9 24252.1
2300 467.114 9.53991 -302.06 -292.52 24252.1
2400 477.924 9.76069 -301.728 -291.967 24252.1
2500 525.866 10.7398 -300.847 -290.107 24252.1
2600 514.637 10.5105 -300.605 -290.094 24252.1
2700 494.98 10.109 -301.252 -291.143 24252.1
2800 471.192 9.62321 -301.582 -291.959 24252.1
2900 479.023 9.78315 -301.755 -291.972 24252.1
3000 484.14 9.88764 -301.45 -291.562 24252.1
3100 484.968 9.90456 -301.201 -291.296 24252.1
3200 499.45 10.2003 -301.347 -291.147 24252.1
3300 493.24 10.0735 -301.274 -291.201 24252.1
3400 480.137 9.8059 -301.762 -291.956 24252.1
3500 449.826 9.18683 -302.395 -293.209 24252.1
3600 452.433 9.24008 -302.156 -292.916 24252.1
3700 494.038 10.0898 -301.629 -291.539 24252.1
3800 500.333 10.2183 -301.232 -291.013 24252.1
3900 488.924 9.98535 -301.151 -291.165 24252.1
4000 478.392 9.77026 -301.575 -291.805 24252.1
4100 461.069 9.41646 -302.294 -292.878 24252.1
4200 444.662 9.08138 -302.665 -293.583 24252.1
4300 463.463 9.46535 -302.113 -292.648 24252.1
4400 504.2 10.2973 -301.38 -291.083 24252.1
4500 493.273 10.0742 -301.115 -291.041 24252.1
4600 483.388 9.87228 -301.481 -291.608 24252.1
4700 465.218 9.5012 -301.854 -292.353 24252.1
4800 455.15 9.29557 -302.212 -292.917 24252.1
4900 467.653 9.55093 -302.124 -292.573 24252.1
5000 498.283 10.1765 -301.442 -291.265 24252.1
5100 515.211 10.5222 -301.289 -290.767 24252.1
5200 492.635 10.0611 -301.605 -291.543 24252.1
5300 466.054 9.51826 -302.029 -292.51 24252.1
5400 467.786 9.55365 -302.143 -292.589 24252.1
5500 468.26 9.56332 -301.781 -292.218 24252.1
5600 489.144 9.98983 -301.641 -291.651 24252.1
5700 498.642 10.1838 -301.157 -290.973 24252.1
5800 517.973 10.5786 -300.783 -290.205 24252.1
5900 522.327 10.6675 -300.753 -290.085 24252.1
6000 489.031 9.98753 -301.363 -291.375 24252.1
6100 468.7 9.57231 -301.989 -292.416 24252.1
6200 464.585 9.48827 -302.045 -292.557 24252.1
6300 484.143 9.8877 -301.455 -291.568 24252.1
6400 522.315 10.6673 -300.891 -290.224 24252.1
6500 508.768 10.3906 -300.806 -290.416 24252.1
6600 497.686 10.1643 -301.307 -291.142 24252.1
6700 482.123 9.84645 -301.718 -291.872 24252.1
6800 464.709 9.49081 -301.818 -292.327 24252.1
6900 468.082 9.55969 -302.006 -292.446 24252.1
7000 485.269 9.9107 -301.478 -291.568 24252.1
7100 511.306 10.4425 -300.981 -290.538 24252.1
7200 504.844 10.3105 -301.183 -290.872 24252.1
7300 471.382 9.62708 -301.897 -292.27 24252.1
7400 463.791 9.47205 -302.115 -292.643 24252.1
7500 471.169 9.62274 -301.96 -292.338 24252.1
7600 490.857 10.0248 -301.543 -291.518 24252.1
7700 519.861 10.6172 -300.558 -289.941 24252.1
7800 542.607 11.0817 -300.314 -289.232 24252.1
7900 493.036 10.0693 -301.127 -291.057 24252.1
8000 471.892 9.63751 -301.496 -291.859 24252.1
8100 473.284 9.66592 -301.879 -292.213 24252.1
8200 468.948 9.57738 -302.051 -292.474 24252.1
8300 467.903 9.55603 -302.003 -292.447 24252.1
8400 484.15 9.88785 -301.782 -291.894 24252.1
8500 500.293 10.2175 -301.276 -291.058 24252.1
8600 496.971 10.1497 -301.094 -290.944 24252.1
8700 469.741 9.59356 -301.731 -292.137 24252.1
8800 452.307 9.23752 -302.256 -293.018 24252.1
8900 460.171 9.39812 -302.238 -292.84 24252.1
9000 477.067 9.74318 -301.595 -291.851 24252.1
9100 503.731 10.2878 -300.955 -290.668 24252.1
9200 501.122 10.2345 -301.14 -290.906 24252.1
9300 488.595 9.97863 -301.764 -291.785 24252.1
9400 464.438 9.48527 -302.145 -292.659 24252.1
9500 456.42 9.32152 -302.43 -293.109 24252.1
9600 463.579 9.46773 -302.008 -292.54 24252.1
9700 503.571 10.2845 -301.128 -290.843 24252.1
9800 507.502 10.3648 -301.121 -290.756 24252.1
9900 481.768 9.83919 -301.702 -291.863 24252.1
10000 466.46 9.52655 -302.09 -292.564 24252.1
10100 461.924 9.43392 -302.044 -292.61 24252.1
10200 472.078 9.6413 -301.78 -292.139 24252.1
10300 508.572 10.3866 -301.055 -290.668 24252.1
10400 520.237 10.6249 -300.743 -290.118 24252.1
10500 491.221 10.0323 -301.382 -291.349 24252.1
10600 473.738 9.67519 -301.76 -292.084 24252.1
10700 461.405 9.42332 -301.859 -292.436 24252.1
10800 458.696 9.368 -302.137 -292.769 24252.1
10900 455.108 9.29471 -302.247 -292.952 24252.1
11000 463.395 9.46397 -301.928 -292.464 24252.1
11100 487.834 9.96308 -301.348 -291.385 24252.1
11200 496.149 10.1329 -301.292 -291.159 24252.1
11300 467.371 9.54517 -301.95 -292.404 24252.1
11400 441.574 9.01831 -302.345 -293.327 24252.1
11500 456.515 9.32346 -302.402 -293.079 24252.1
11600 471.537 9.63026 -302.038 -292.408 24252.1
11700 482.639 9.857 -301.508 -291.651 24252.1
11800 506.658 10.3475 -300.833 -290.485 24252.1
11900 525.047 10.7231 -300.686 -289.963 24252.1
12000 492.929 10.0671 -301.641 -291.574 24252.1
12100 472.847 9.657 -302.19 -292.533 24252.1
12200 452.558 9.24265 -302.341 -293.099 24252.1
12300 442.381 9.03479 -302.372 -293.338 24252.1
12400 461.187 9.41887 -302.015 -292.597 24252.1
12500 496.732 10.1448 -301.403 -291.259 24252.1
12600 496.03 10.1305 -301.676 -291.545 24252.1
12700 469.351 9.58561 -302.071 -292.486 24252.1
12800 454.385 9.27996 -302.16 -292.88 24252.1
12900 459.108 9.37641 -302.129 -292.752 24252.1
13000 475.596 9.71315 -302.013 -292.3 24252.1
13100 493.918 10.0873 -301.549 -291.462 24252.1
13200 491.682 10.0417 -301.336 -291.295 24252.1
13300 458.193 9.35772 -301.927 -292.57 24252.1
13400 441.353 9.0138 -302.391 -293.377 24252.1
13500 451.46 9.22021 -302.474 -293.254 24252.1
13600 467.486 9.54751 -301.903 -292.355 24252.1
13700 513.524 10.4878 -301.335 -290.847 24252.1
13800 501.441 10.241 -301.468 -291.227 24252.1
13900 476.598 9.73361 -301.951 -292.217 24252.1
14000 459.961 9.39383 -302.435 -293.041 24252.1
14100 442.042 9.02786 -302.525 -293.497 24252.1
14200 448.891 9.16775 -302.458 -293.29 24252.1
14300 478.238 9.76711 -301.636 -291.869 24252.1
14400 489.31 9.99323 -301.419 -291.426 24252.1
14500 471.935 9.63839 -301.913 -292.274 24252.1
14600 451.883 9.22885 -302.249 -293.02 24252.1
14700 449.755 9.18539 -302.386 -293.201 24252.1
14800 455.167 9.29591 -302.28 -292.984 24252.1
14900 462.06 9.43671 -302.182 -292.745 24252.1
15000 481.313 9.82991 -301.975 -292.145 24252.1
15100 480.633 9.81602 -301.813 -291.997 24252.1
15200 463.466 9.46542 -302.293 -292.827 24252.1
15300 438.942 8.96456 -302.75 -293.785 24252.1
15400 435.249 8.88914 -302.719 -293.83 24252.1
15500 458.725 9.36858 -302.163 -292.795 24252.1
15600 483.727 9.8792 -301.481 -291.601 24252.1
15700 479.161 9.78596 -301.659 -291.873 24252.1
15800 461.014 9.41533 -302.039 -292.624 24252.1
15900 445.178 9.09191 -302.354 -293.262 24252.1
16000 441.467 9.01612 -302.483 -293.467 24252.1
16100 458.044 9.35467 -302.034 -292.679 24252.1
16200 499.259 10.1964 -301.3 -291.103 24252.1
16300 484.619 9.89743 -301.463 -291.565 24252.1
16400 452.082 9.23292 -302.073 -292.84 24252.1
16500 444.095 9.06979 -302.45 -293.38 24252.1
16600 442.712 9.04155 -302.499 -293.457 24252.1
16700 459.718 9.38887 -302.169 -292.78 24252.1
16800 492.116 10.0505 -301.55 -291.5 24252.1
16900 484.496 9.89491 -301.679 -291.784 24252.1
17000 458.533 9.36467 -302.291 -292.926 24252.1
17100 447.993 9.14941 -302.499 -293.35 24252.1
17200 449.683 9.18393 -302.62 -293.436 24252.1
17300 442.233 9.03178 -302.642 -293.611 24252.1
17400 431.739 8.81746 -302.608 -293.79 24252.1
17500 443.746 9.06267 -302.428 -293.366 24252.1
17600 466.896 9.53547 -302.085 -292.55 24252.1
17700 477.574 9.75355 -301.938 -292.184 24252.1
17800 448.35 9.1567 -302.427 -293.27 24252.1
17900 426.878 8.71818 -302.956 -294.237 24252.1
18000 429.342 8.76849 -302.755 -293.986 24252.1
18100 448.509 9.15995 -302.343 -293.183 24252.1
18200 461.961 9.43467 -302.017 -292.582 24252.1
18300 456.989 9.33313 -302.08 -292.747 24252.1
18400 417.3 8.52256 -302.934 -294.411 24252.1
18500 412.654 8.42767 -303.174 -294.746 24252.1
18600 437.236 8.92972 -302.598 -293.669 24252.1
18700 457.728 9.34824 -302.222 -292.873 24252.1
18800 460.427 9.40334 -302.37 -292.966 24252.1
18900 434.649 8.87688 -302.803 -293.926 24252.1
19000 409.168 8.35648 -303.321 -294.964 24252.1
19100 416.505 8.50632 -303.262 -294.755 24252.1
19200 425.819 8.69655 -302.925 -294.229 24252.1
19300 441.765 9.0222 -302.58 -293.558 24252.1
19400 457.321 9.33992 -302.248 -292.908 24252.1
19500 463.935 9.47498 -302.199 -292.724 24252.1
19600 442.86 9.04458 -302.616 -293.572 24252.1
19700 419.379 8.56503 -303.163 -294.598 24252.1
19800 422.717 8.63319 -303.171 -294.538 24252.1
19900 446.343 9.11572 -302.583 -293.467 24252.1
20000 464.171 9.47981 -302.017 -292.537 24252.1
20100 459.164 9.37755 -302.112 -292.735 24252.1
20200 447.426 9.13782 -302.343 -293.205 24252.1
20300 440.277 8.99183 -302.697 -293.705 24252.1
20400 431.416 8.81085 -302.816 -294.005 24252.1
20500 425.087 8.6816 -303.006 -294.324 24252.1
20600 417.729 8.53133 -303.039 -294.508 24252.1
20700 430.295 8.78796 -302.639 -293.851 24252.1
20800 459.319 9.38071 -302.274 -292.894 24252.1
20900 459.685 9.38819 -302.297 -292.909 24252.1
21000 433.886 8.86129 -302.991 -294.13 24252.1
21100 410.137 8.37627 -303.278 -294.901 24252.1
21200 419.811 8.57385 -303.042 -294.468 24252.1
21300 440.718 9.00083 -302.796 -293.796 24252.1
21400 451.317 9.2173 -302.636 -293.419 24252.1
21500 439.857 8.98324 -302.733 -293.749 24252.1
21600 397.804 8.12439 -303.356 -295.232 24252.1
21700 401.879 8.20762 -303.48 -295.273 24252.1
21800 429.885 8.77958 -303.074 -294.294 24252.1
21900 443.213 9.05179 -302.602 -293.55 24252.1
22000 448.588 9.16156 -302.582 -293.42 24252.1
22100 429.308 8.76781 -302.881 -294.113 24252.1
22200 402.256 8.21532 -303.721 -295.506 24252.1
22300 399.539 8.15983 -303.59 -295.43 24252.1
22400 415.877 8.4935 -303.098 -294.605 24252.1
22500 432.163 8.82612 -302.698 -293.872 24252.1
22600 440.521 8.9968 -302.459 -293.462 24252.1
22700 443.372 9.05504 -302.357 -293.302 24252.1
22800 430.766 8.79757 -302.816 -294.019 24252.1
22900 403.747 8.24577 -303.424 -295.178 24252.1
23000 408.117 8.33502 -303.293 -294.958 24252.1
23100 431.442 8.81139 -302.66 -293.849 24252.1
23200 443.135 9.05019 -302.473 -293.423 24252.1
23300 441.033 9.00725 -302.601 -293.594 24252.1
23400 429.212 8.76585 -303.052 -294.287 24252.1
23500 401.996 8.21 -303.696 -295.486 24252.1
23600 379.112 7.74264 -304.127 -296.384 24252.1
23700 405.077 8.27293 -303.448 -295.175 24252.1
23800 435.968 8.90381 -302.779 -293.875 24252.1
23900 444.369 9.0754 -302.481 -293.405 24252.1
24000 444.211 9.07217 -302.636 -293.563 24252.1
24100 423.024 8.63945 -303.12 -294.481 24252.1
24200 405.309 8.27766 -303.403 -295.126 24252.1
24300 413.772 8.4505 -303.27 -294.82 24252.1
24400 449.358 9.17729 -302.452 -293.275 24252.1
24500 449.38 9.17773 -302.303 -293.125 24252.1
24600 435.722 8.8988 -302.738 -293.839 24252.1
24700 417.939 8.53561 -303.106 -294.571 24252.1
24800 416.096 8.49798 -303.271 -294.773 24252.1
24900 430.312 8.7883 -303.007 -294.218 24252.1
25000 462.414 9.44393 -301.951 -292.507 24252.1
25100 461.314 9.42146 -302.142 -292.72 24252.1
25200 429.224 8.76608 -302.737 -293.971 24252.1
25300 417.951 8.53585 -303.158 -294.622 24252.1
25400 417.834 8.53346 -303.232 -294.699 24252.1
25500 428.606 8.75346 -302.924 -294.17 24252.1
25600 463.113 9.4582 -302.352 -292.894 24252.1
25700 456.722 9.32769 -302.293 -292.965 24252.1
25800 430.944 8.8012 -302.911 -294.109 24252.1
25900 424.078 8.66099 -303.173 -294.512 24252.1
26000 418.155 8.54003 -303.198 -294.658 24252.1
26100 417.979 8.53642 -303.09 -294.553 24252.1
26200 428.627 8.75389 -302.666 -293.912 24252.1
26300 457.384 9.3412 -302.32 -292.979 24252.1
26400 453.283 9.25744 -302.584 -293.327 24252.1
26500 418.728 8.55173 -303.173 -294.621 24252.1
26600 410.771 8.38921 -303.323 -294.934 24252.1
26700 415.631 8.48847 -303.103 -294.615 24252.1
26800 434.15 8.86668 -302.593 -293.727 24252.1
26900 459.168 9.37764 -302.264 -292.886 24252.1
27000 441.184 9.01034 -302.506 -293.495 24252.1
27100 409.496 8.36318 -303.321 -294.958 24252.1
27200 400.638 8.18227 -303.341 -295.158 24252.1
27300 414.817 8.47186 -303.021 -294.549 24252.1
27400 439.988 8.98592 -302.58 -293.594 24252.1
27500 441.767 9.02225 -302.497 -293.475 24252.1
27600 415.534 8.48649 -303.22 -294.733 24252.1
27700 393.293 8.03227 -303.61 -295.577 24252.1
27800 404.802 8.26731 -303.456 -295.188 24252.1
27900 429.011 8.76174 -303.003 -294.242 24252.1
28000 436.503 8.91474 -302.789 -293.874 24252.1
28100 422.4 8.62672 -303.13 -294.503 24252.1
28200 394.158 8.04993 -303.715 -295.665 24252.1
28300 394.134 8.04944 -303.679 -295.63 24252.1
28400 410.389 8.38141 -303.274 -294.893 24252.1
28500 422.465 8.62806 -302.95 -294.322 24252.1
28600 429.35 8.76865 -303.01 -294.241 24252.1
28700 424.682 8.67333 -303.117 -294.444 24252.1
28800 418.718 8.55151 -303.249 -294.698 24252.1
28900 417.573 8.52813 -303.388 -294.86 24252.1
29000 407.133 8.31493 -303.365 -295.05 24252.1
29100 391.308 7.99173 -303.488 -295.496 24252.1
29200 386.279 7.88902 -303.735 -295.846 24252.1
29300 402.626 8.22288 -303.353 -295.13 24252.1
29400 426.375 8.70789 -302.826 -294.118 24252.1
29500 427.79 8.7368 -302.721 -293.984 24252.1
29600 415.143 8.47851 -303.108 -294.629 24252.1
29700 391.539 7.99644 -303.923 -295.927 24252.1
29800 384.042 7.84333 -303.943 -296.099 24252.1
29900 397.587 8.11995 -303.661 -295.541 24252.1
30000 411.812 8.41048 -303.294 -294.884 24252.1
30100 424.107 8.66159 -303.007 -294.345 24252.1
30200 423.642 8.65209 -303.118 -294.466 24252.1
30300 390.476 7.97474 -303.925 -295.951 24252.1
30400 382.291 7.80757 -304.128 -296.321 24252.1
30500 399.084 8.15053 -303.605 -295.454 24252.1
30600 417.88 8.53441 -303.162 -294.628 24252.1
30700 419.865 8.57495 -303.06 -294.485 24252.1
30800 411.273 8.39947 -303.263 -294.864 24252.1
30900 378.11 7.72218 -303.827 -296.104 24252.1
31000 367.799 7.51161 -304.303 -296.791 24252.1
31100 386.772 7.89908 -304.086 -296.187 24252.1
31200 396.164 8.0909 -303.588 -295.497 24252.1
31300 407.01 8.3124 -303.201 -294.889 24252.1
31400 418.49 8.54687 -302.978 -294.431 24252.1
31500 423.111 8.64123 -302.904 -294.262 24252.1
31600 406.097 8.29376 -303.408 -295.115 24252.1
31700 382.269 7.80712 -303.821 -296.014 24252.1
31800 385.726 7.87772 -303.69 -295.812 24252.1
31900 408.8 8.34897 -303.101 -294.752 24252.1
32000 419.435 8.56617 -302.835 -294.268 24252.1
32100 419.194 8.56124 -303.154 -294.593 24252.1
32200 400.871 8.18703 -303.489 -295.302 24252.1
32300 392.903 8.02429 -303.919 -295.895 24252.1
32400 387.94 7.92294 -303.951 -296.028 24252.1
32500 398.954 8.14788 -303.493 -295.346 24252.1
32600 422.083 8.62025 -303.052 -294.431 24252.1
32700 423.511 8.64941 -302.935 -294.285 24252.1
32800 403.503 8.24079 -303.339 -295.098 24252.1
32900 390.36 7.97235 -303.736 -295.763 24252.1
33000 394.635 8.05968 -303.751 -295.692 24252.1
33100 413.259 8.44004 -303.37 -294.93 24252.1
33200 444.201 9.07196 -302.529 -293.457 24252.1
33300 435.435 8.89294 -302.698 -293.806 24252.1
33400 409.02 8.35346 -303.17 -294.816 24252.1
33500 398.889 8.14655 -303.436 -295.29 24252.1
33600 395.558 8.07851 -303.644 -295.565 24252.1
33700 393.899 8.04464 -303.719 -295.675 24252.1
33800 400.712 8.18378 -303.312 -295.128 24252.1
33900 420.243 8.58267 -302.959 -294.376 24252.1
34000 421.073 8.59962 -302.804 -294.205 24252.1
34100 401.914 8.20832 -303.38 -295.172 24252.1
34200 384.024 7.84296 -303.903 -296.06 24252.1
34300 386.667 7.89693 -303.976 -296.079 24252.1
34400 392.331 8.01261 -303.518 -295.505 24252.1
34500 415.304 8.48179 -303.272 -294.79 24252.1
34600 438.972 8.96516 -302.76 -293.794 24252.1
34700 462.179 9.43914 -302.206 -292.767 24252.1
34800 433.569 8.85483 -302.742 -293.887 24252.1
34900 406.586 8.30374 -303.347 -295.043 24252.1
35000 392.383 8.01368 -303.627 -295.614 24252.1
35100 386.135 7.88607 -303.933 -296.047 24252.1
35200 385.273 7.86846 -304.073 -296.204 24252.1
35300 391.081 7.98709 -303.877 -295.89 24252.1
35400 410.516 8.38401 -303.184 -294.8 24252.1
35500 419.492 8.56732 -302.911 -294.344 24252.1
35600 405.002 8.2714 -303.351 -295.08 24252.1
35700 382.209 7.80588 -303.915 -296.109 24252.1
35800 387.474 7.91342 -303.962 -296.049 24252.1
35900 394.038 8.04748 -303.797 -295.75 24252.1
36000 400.955 8.18874 -303.353 -295.164 24252.1
36100 426.641 8.71333 -302.711 -293.997 24252.1
36200 441.539 9.01759 -302.716 -293.699 24252.1
36300 407.358 8.31951 -303.468 -295.149 24252.1
36400 393.231 8.03099 -303.761 -295.73 24252.1
36500 382.846 7.8189 -303.935 -296.116 24252.1
36600 379.985 7.76046 -303.852 -296.091 24252.1
36700 396.26 8.09287 -303.562 -295.469 24252.1
36800 417.632 8.52933 -303.122 -294.593 24252.1
36900 415.024 8.47609 -303.185 -294.709 24252.1
37000 378.971 7.73976 -303.824 -296.084 24252.1
37100 375.926 7.67757 -304.08 -296.402 24252.1
37200 386.492 7.89338 -303.802 -295.908 24252.1
37300 404.067 8.25231 -303.38 -295.127 24252.1
37400 411.033 8.39456 -303.26 -294.866 24252.1
37500 390.829 7.98194 -303.716 -295.734 24252.1
37600 369.6 7.54838 -304.375 -296.826 24252.1
37700 374.537 7.64921 -304.349 -296.7 24252.1
37800 390.666 7.97862 -303.705 -295.726 24252.1
37900 408.284 8.33842 -303.432 -295.094 24252.1
38000 401.309 8.19597 -303.473 -295.277 24252.1
38100 400.224 8.17381 -303.737 -295.563 24252.1
38200 393.767 8.04194 -303.853 -295.811 24252.1
38300 381.134 7.78393 -304.019 -296.235 24252.1
38400 369.545 7.54726 -304.065 -296.518 24252.1
38500 375.381 7.66645 -304.295 -296.629 24252.1
38600 388.182 7.92789 -303.956 -296.028 24252.1
38700 406.027 8.29233 -303.54 -295.248 24252.1
38800 400.117 8.17163 -303.434 -295.262 24252.1
38900 374.348 7.64535 -303.926 -296.28 24252.1
39000 364.303 7.44021 -304.327 -296.887 24252.1
39100 372.775 7.61322 -304.269 -296.656 24252.1
39200 383.916 7.84076 -304.048 -296.207 24252.1
39300 382.62 7.8143 -303.819 -296.005 24252.1
39400 380.918 7.77953 -303.688 -295.908 24252.1
39500 390.992 7.98526 -303.776 -295.791 24252.1
39600 384.918 7.86122 -304.089 -296.228 24252.1
39700 350.56 7.15951 -304.736 -297.576 24252.1
39800 348.23 7.11194 -304.706 -297.594 24252.1
39900 372.363 7.60482 -304.264 -296.659 24252.1
40000 388.617 7.93676 -304.076 -296.139 24252.1
40100 390.278 7.97068 -303.953 -295.983 24252.1
40200 375.192 7.66258 -304.01 -296.347 24252.1
40300 350.325 7.15473 -304.474 -297.32 24252.1
40400 352.864 7.20657 -304.594 -297.388 24252.1
40500 386.612 7.89582 -304.096 -296.201 24252.1
40600 396.19 8.09142 -303.82 -295.728 24252.1
40700 376.645 7.69226 -303.775 -296.083 24252.1
40800 374.053 7.63933 -304.095 -296.455 24252.1
40900 368.87 7.53347 -304.381 -296.848 24252.1
41000 358.164 7.31482 -304.725 -297.41 24252.1
41100 354.871 7.24758 -304.622 -297.374 24252.1
41200 375.284 7.66446 -304.009 -296.345 24252.1
41300 390.65 7.97828 -303.618 -295.64 24252.1
41400 393.034 8.02697 -303.733 -295.706 24252.1
41500 376.976 7.69902 -304.157 -296.458 24252.1
41600 362.954 7.41265 -304.618 -297.206 24252.1
41700 353.585 7.22131 -304.533 -297.311 24252.1
41800 360.436 7.36123 -304.295 -296.934 24252.1
41900 377.146 7.70248 -303.995 -296.292 24252.1
42000 394.928 8.06565 -303.747 -295.681 24252.1
42100 395.113 8.06944 -304.02 -295.951 24252.1
42200 354.832 7.24677 -304.401 -297.154 24252.1
42300 353.333 7.21616 -304.427 -297.211 24252.1
42400 376.026 7.67963 -304.245 -296.566 24252.1
42500 391.537 7.9964 -304.139 -296.143 24252.1
42600 384.498 7.85265 -304.246 -296.393 24252.1
42700 353.099 7.21139 -304.379 -297.168 24252.1
42800 319.415 6.52344 -304.989 -298.466 24252.1
42900 324.132 6.61978 -305.19 -298.57 24252.1
43000 347.352 7.094 -304.804 -297.71 24252.1
43100 368.671 7.5294 -304.473 -296.943 24252.1
43200 374.802 7.65463 -303.928 -296.273 24252.1
43300 380.841 7.77795 -303.564 -295.786 24252.1
43400 393.596 8.03846 -303.743 -295.704 24252.1
43500 366.891 7.49305 -304.17 -296.677 24252.1
43600 354.194 7.23374 -304.685 -297.452 24252.1
43700 353.508 7.21974 -304.386 -297.166 24252.1
43800 374.767 7.65391 -303.922 -296.268 24252.1
43900 387.113 7.90606 -303.86 -295.954 24252.1
44000 380.425 7.76947 -304.116 -296.346 24252.1
44100 370.942 7.57579 -304.399 -296.824 24252.1
44200 363.736 7.42862 -304.502 -297.073 24252.1
44300 364.537 7.44498 -304.399 -296.954 24252.1
44400 392.15 8.00892 -303.961 -295.952 24252.1
44500 399.299 8.15492 -303.479 -295.324 24252.1
44600 385.234 7.86767 -304.021 -296.153 24252.1
44700 363.997 7.43395 -304.455 -297.021 24252.1
44800 358.679 7.32534 -304.531 -297.205 24252.1
44900 367.972 7.51512 -304.416 -296.901 24252.1
45000 388.298 7.93025 -303.737 -295.807 24252.1
45100 408.536 8.34358 -303.617 -295.274 24252.1
45200 385.589 7.87492 -304.007 -296.132 24252.1
45300 367.801 7.51164 -304.264 -296.753 24252.1
45400 361.389 7.38069 -304.262 -296.882 24252.1
45500 360.862 7.36993 -304.225 -296.855 24252.1
45600 377.04 7.70033 -304.118 -296.418 24252.1
45700 388.809 7.9407 -303.76 -295.819 24252.1
45800 388.683 7.93812 -303.926 -295.988 24252.1
45900 359.111 7.33416 -304.533 -297.198 24252.1
46000 349.185 7.13144 -304.694 -297.562 24252.1
46100 365.097 7.45641 -304.74 -297.284 24252.1
46200 375.981 7.6787 -304.247 -296.569 24252.1
46300 402.514 8.22059 -303.626 -295.406 24252.1
46400 396.557 8.09893 -303.684 -295.585 24252.1
46500 358.913 7.33012 -304.403 -297.073 24252.1
46600 358.373 7.31909 -304.614 -297.295 24252.1
46700 355.69 7.26429 -304.446 -297.181 24252.1
46800 365.714 7.46902 -304.195 -296.726 24252.1
46900 382.654 7.81498 -303.843 -296.028 24252.1
47000 383.463 7.83151 -303.776 -295.945 24252.1
47100 361.498 7.3829 -304.49 -297.107 24252.1
47200 343.698 7.01939 -304.819 -297.799 24252.1
47300 349.376 7.13535 -304.599 -297.464 24252.1
47400 372.411 7.60579 -304.195 -296.59 24252.1
47500 375.669 7.67232 -304.023 -296.351 24252.1
47600 372.151 7.60048 -304.299 -296.698 24252.1
47700 361.815 7.38939 -304.463 -297.074 24252.1
47800 354.719 7.24446 -304.534 -297.29 24252.1
47900 360.703 7.36667 -304.647 -297.28 24252.1
48000 363.911 7.43219 -304.373 -296.941 24252.1
48100 380.31 7.7671 -304.12 -296.353 24252.1
48200 378.72 7.73464 -304.102 -296.367 24252.1
48300 351.87 7.18629 -304.522 -297.336 24252.1
48400 345.838 7.06308 -304.923 -297.86 24252.1
48500 348.48 7.11704 -304.698 -297.581 24252.1
48600 366.736 7.48989 -304.285 -296.795 24252.1
48700 397.505 8.11829 -303.659 -295.541 24252.1
48800 402.146 8.21306 -303.397 -295.184 24252.1
48900 367.825 7.51212 -304.365 -296.852 24252.1
49000 348.169 7.11069 -304.594 -297.483 24252.1
49100 346.827 7.08329 -304.737 -297.653 24252.1
49200 356.007 7.27077 -304.737 -297.467 24252.1
49300 360.379 7.36005 -304.471 -297.111 24252.1
49400 373.305 7.62405 -304.339 -296.715 24252.1
49500 366.687 7.48888 -304.146 -296.657 24252.1
49600 355.914 7.26888 -304.802 -297.533 24252.1
49700 335.626 6.85452 -305.039 -298.184 24252.1
49800 336.13 6.86482 -304.873 -298.008 24252.1
49900 357.97 7.31085 -304.411 -297.1 24252.1
50000 367.308 7.50157 -304.172 -296.67 24252.1
50100 365.838 7.47154 -304.424 -296.952 24252.1
50200 351.798 7.18482 -304.718 -297.533 24252.1
50300 337.397 6.8907 -304.927 -298.036 24252.1
50400 335.61 6.8542 -305.123 -298.269 24252.1
50500 337.998 6.90298 -305.013 -298.111 24252.1
50600 353.86 7.22691 -304.474 -297.247 24252.1
50700 373.836 7.6349 -304.305 -296.67 24252.1
50800 364.038 7.43479 -304.487 -297.052 24252.1
50900 340.802 6.96024 -304.921 -297.961 24252.1
51000 338.891 6.92121 -305.058 -298.137 24252.1
51100 342.583 6.99662 -304.741 -297.744 24252.1
51200 356.225 7.27522 -304.435 -297.16 24252.1
51300 364.754 7.44941 -304.239 -296.789 24252.1
51400 352.07 7.19035 -304.688 -297.498 24252.1
51500 326.876 6.67581 -305.171 -298.495 24252.1
51600 329.057 6.72036 -305.05 -298.329 24252.1
51700 351.88 7.18649 -304.728 -297.541 24252.1
51800 359.299 7.338 -304.317 -296.979 24252.1
51900 357.429 7.29981 -304.498 -297.198 24252.1
52000 338.954 6.92249 -304.91 -297.988 24252.1
52100 317.455 6.48342 -305.457 -298.973 24252.1
52200 315.491 6.4433 -305.449 -299.006 24252.1
52300 330.12 6.74207 -305.264 -298.522 24252.1
52400 346.933 7.08544 -304.809 -297.724 24252.1
52500 361.085 7.37447 -304.55 -297.176 24252.1
52600 356.149 7.27367 -304.532 -297.258 24252.1
52700 332.09 6.78231 -304.984 -298.202 24252.1
52800 324.756 6.63252 -305.365 -298.732 24252.1
52900 332.268 6.78594 -305.164 -298.378 24252.1
53000 346.044 7.06729 -304.97 -297.903 24252.1
53100 345.908 7.06451 -304.828 -297.763 24252.1
53200 340.069 6.94526 -304.667 -297.722 24252.1
53300 346.592 7.07848 -304.657 -297.578 24252.1
53400 361.715 7.38735 -304.431 -297.044 24252.1
53500 373.752 7.63318 -304.178 -296.545 24252.1
53600 354.48 7.23958 -304.553 -297.314 24252.1
53700 334.762 6.83689 -304.903 -298.066 24252.1
53800 334.343 6.82833 -304.936 -298.108 24252.1
53900 346.74 7.0815 -304.866 -297.784 24252.1
54000 365.732 7.46939 -304.332 -296.863 24252.1
54100 379.295 7.74638 -304.051 -296.304 24252.1
54200 350.07 7.14952 -304.587 -297.438 24252.1
54300 334.18 6.82499 -304.989 -298.164 24252.1
54400 335.856 6.85923 -304.955 -298.096 24252.1
54500 344.686 7.03955 -304.911 -297.872 24252.1
54600 355.506 7.26054 -304.84 -297.58 24252.1
54700 347.844 7.10405 -304.806 -297.702 24252.1
54800 325.297 6.64358 -305.11 -298.467 24252.1
54900 322.096 6.5782 -305.399 -298.82 24252.1
55000 334.052 6.82239 -305.165 -298.343 24252.1
55100 360.385 7.36019 -304.6 -297.239 24252.1
55200 357.333 7.29785 -304.533 -297.235 24252.1
55300 337.867 6.9003 -304.678 -297.777 24252.1
55400 338.832 6.92001 -304.929 -298.009 24252.1
55500 344.58 7.03738 -305.198 -298.161 24252.1
55600 336.784 6.87818 -305.252 -298.374 24252.1
55700 330.926 6.75854 -305.119 -298.36 24252.1
55800 326.397 6.66605 -304.879 -298.213 24252.1
55900 338.643 6.91613 -304.92 -298.004 24252.1
56000 343.772 7.0209 -304.978 -297.957 24252.1
56100 337.914 6.90125 -305.011 -298.109 24252.1
56200 333.798 6.81718 -305.081 -298.264 24252.1
56300 332.422 6.78909 -305.063 -298.274 24252.1
56400 337.295 6.88862 -304.929 -298.041 24252.1
56500 358.033 7.31214 -304.729 -297.417 24252.1
56600 363.452 7.42282 -304.481 -297.058 24252.1
56700 340.844 6.96109 -304.966 -298.005 24252.1
56800 323.621 6.60935 -305.21 -298.6 24252.1
56900 329.801 6.73556 -305.271 -298.535 24252.1
57000 343.431 7.01393 -305.278 -298.264 24252.1
57100 343.469 7.01471 -305 -297.985 24252.1
57200 331.231 6.76477 -304.964 -298.199 24252.1
57300 323.854 6.6141 -305.157 -298.543 24252.1
57400 323.774 6.61246 -305.482 -298.869 24252.1
57500 315.993 6.45357 -305.727 -299.274 24252.1
57600 308.181 6.294 -305.664 -299.37 24252.1
57700 319.249 6.52006 -304.994 -298.474 24252.1
57800 341.072 6.96574 -304.669 -297.703 24252.1
57900 345.958 7.06554 -304.915 -297.849 24252.1
58000 327.47 6.68795 -305.371 -298.683 24252.1
58100 309.578 6.32254 -305.494 -299.172 24252.1
58200 309.969 6.33053 -305.173 -298.843 24252.1
58300 327.147 6.68135 -305.114 -298.433 24252.1
58400 336.502 6.87241 -305.142 -298.27 24252.1
58500 330.696 6.75384 -305.222 -298.468 24252.1
58600 304.31 6.21496 -305.522 -299.307 24252.1
58700 291.604 5.95545 -305.785 -299.829 24252.1
58800 310.406 6.33944 -305.511 -299.172 24252.1
58900 325.097 6.63949 -305.353 -298.713 24252.1
59000 331.321 6.7666 -305.274 -298.508 24252.1
59100 326.292 6.66389 -305.081 -298.417 24252.1
59200 330.045 6.74055 -305.14 -298.4 24252.1
59300 331.252 6.7652 -305.242 -298.477 24252.1
59400 319.344 6.52199 -305.493 -298.971 24252.1
59500 303.609 6.20063 -305.753 -299.552 24252.1
59600 305.977 6.249 -305.517 -299.268 24252.1
59700 332.731 6.7954 -304.988 -298.193 24252.1
59800 341.148 6.96731 -305.025 -298.058 24252.1
59900 325.559 6.64892 -305.289 -298.64 24252.1
60000 311.134 6.35432 -305.519 -299.165 24252.1
60100 313.506 6.40278 -305.501 -299.098 24252.1
60200 340.84 6.96102 -304.945 -297.984 24252.1
60300 355.576 7.26197 -304.547 -297.285 24252.1
60400 337.825 6.89943 -304.88 -297.981 24252.1
60500 324.193 6.62102 -305.288 -298.667 24252.1
60600 319.815 6.53162 -305.509 -298.978 24252.1
60700 314.94 6.43205 -305.549 -299.117 24252.1
60800 314.575 6.4246 -305.454 -299.029 24252.1
60900 328.594 6.71091 -305.261 -298.55 24252.1
61000 336.656 6.87555 -304.999 -298.123 24252.1
61100 332.915 6.79916 -305.039 -298.24 24252.1
61200 312.854 6.38946 -305.47 -299.08 24252.1
61300 300.103 6.12904 -305.594 -299.465 24252.1
61400 310.277 6.33682 -305.449 -299.112 24252.1
61500 316.828 6.4706 -305.22 -298.749 24252.1
61600 322.027 6.57678 -305.257 -298.681 24252.1
61700 319.759 6.53047 -305.288 -298.757 24252.1
61800 317.717 6.48876 -305.386 -298.897 24252.1
61900 304.602 6.22092 -305.762 -299.541 24252.1
62000 289.6 5.91453 -306.025 -300.11 24252.1
62100 303.349 6.19532 -305.772 -299.576 24252.1
62200 323.29 6.60259 -305.352 -298.749 24252.1
62300 325.805 6.65396 -305.32 -298.666 24252.1
62400 320.793 6.5516 -305.506 -298.955 24252.1
62500 299.458 6.11585 -305.724 -299.608 24252.1
62600 287.467 5.87096 -306.074 -300.203 24252.1
62700 285.197 5.82461 -306.088 -300.264 24252.1
62800 307.855 6.28735 -305.579 -299.292 24252.1
62900 323.796 6.61292 -305.22 -298.608 24252.1
63000 327.354 6.68559 -305.229 -298.544 24252.1
63100 315.106 6.43544 -305.433 -298.998 24252.1
63200 295.721 6.03953 -305.795 -299.755 24252.1
63300 296.207 6.04947 -305.829 -299.779 24252.1
63400 317.14 6.47699 -305.395 -298.918 24252.1
63500 329.806 6.73566 -305.086 -298.35 24252.1
63600 320.715 6.54999 -305.144 -298.594 24252.1
63700 308.233 6.29508 -305.454 -299.159 24252.1
63800 300.592 6.13902 -305.744 -299.605 24252.1
63900 301.037 6.14811 -305.758 -299.61 24252.1
64000 323.829 6.6136 -305.375 -298.762 24252.1
64100 334.391 6.82929 -305.054 -298.225 24252.1
64200 322.041 6.57708 -305.29 -298.713 24252.1
64300 308.897 6.30863 -305.69 -299.381 24252.1
64400 307.509 6.2803 -305.73 -299.45 24252.1
64500 310.213 6.3355 -305.732 -299.397 24252.1
64600 308.838 6.30743 -305.556 -299.248 24252.1
64700 328.918 6.71752 -305.283 -298.565 24252.1
64800 337.46 6.89198 -305.001 -298.109 24252.1
64900 317.005 6.47423 -305.352 -298.877 24252.1
65000 308.001 6.29034 -305.893 -299.602 24252.1
65100 303.215 6.19259 -305.875 -299.683 24252.1
65200 305.048 6.23002 -305.755 -299.525 24252.1
65300 319.917 6.5337 -305.487 -298.953 24252.1
65400 329.27 6.72471 -304.902 -298.177 24252.1
65500 327.209 6.68262 -305.097 -298.414 24252.1
65600 304.43 6.2174 -305.686 -299.469 24252.1
65700 299.81 6.12306 -305.893 -299.77 24252.1
65800 305.911 6.24765 -305.904 -299.657 24252.1
65900 313.256 6.39767 -305.718 -299.32 24252.1
66000 324.693 6.63124 -305.349 -298.717 24252.1
66100 328.645 6.71195 -305.163 -298.451 24252.1
66200 308.552 6.30159 -305.413 -299.111 24252.1
66300 295.494 6.03491 -305.761 -299.726 24252.1
66400 291.9 5.96151 -305.679 -299.717 24252.1
66500 309.757 6.32621 -305.484 -299.158 24252.1
66600 326.572 6.66961 -305.121 -298.452 24252.1
66700 326.994 6.67823 -304.988 -298.31 24252.1
66800 307.976 6.28983 -305.592 -299.302 24252.1
66900 292.384 5.97138 -305.941 -299.969 24252.1
67000 288.857 5.89935 -306.023 -300.123 24252.1
67100 302.972 6.18763 -305.824 -299.637 24252.1
67200 315.826 6.45014 -305.341 -298.891 24252.1
67300 317.004 6.4742 -305.386 -298.912 24252.1
67400 302.066 6.16912 -305.95 -299.781 24252.1
67500 282.238 5.76417 -306.11 -300.346 24252.1
67600 295.264 6.0302 -306.057 -300.026 24252.1
67700 309.839 6.32788 -305.825 -299.497 24252.1
67800 312.475 6.3817 -305.542 -299.161 24252.1
67900 301.41 6.15572 -305.694 -299.538 24252.1
68000 281.512 5.74934 -306.084 -300.335 24252.1
68100 286.081 5.84266 -306.233 -300.39 24252.1
68200 304.907 6.22715 -306.002 -299.775 24252.1
68300 323.349 6.6038 -305.417 -298.813 24252.1
68400 313.228 6.39709 -305.182 -298.785 24252.1
68500 306.449 6.25864 -305.396 -299.137 24252.1
68600 307.231 6.2746 -305.652 -299.378 24252.1
68700 294.84 6.02155 -305.913 -299.892 24252.1
68800 280.732 5.73342 -306.012 -300.278 24252.1
68900 283.386 5.78763 -305.831 -300.044 24252.1
69000 309.093 6.31264 -305.546 -299.234 24252.1
69100 315.696 6.4475 -305.589 -299.141 24252.1
69200 301.424 6.156 -305.834 -299.678 24252.1
69300 288.606 5.89422 -305.93 -300.036 24252.1
69400 292.052 5.96461 -305.945 -299.98 24252.1
69500 299.289 6.11241 -305.988 -299.875 24252.1
69600 299.051 6.10754 -306.003 -299.896 24252.1
69700 294.762 6.01996 -305.925 -299.905 24252.1
69800 294.274 6.00999 -305.956 -299.946 24252.1
69900 298.463 6.09555 -306.02 -299.925 24252.1
70000 296.117 6.04763 -306.047 -299.999 24252.1
70100 289.729 5.91716 -306.077 -300.16 24252.1
70200 271.45 5.54384 -306.237 -300.694 24252.1
70300 265.464 5.4216 -306.434 -301.013 24252.1
70400 283.512 5.79019 -306.19 -300.399 24252.1
70500 300.88 6.1449 -305.926 -299.781 24252.1
70600 297.696 6.07987 -305.786 -299.706 24252.1
70700 290.838 5.93981 -305.88 -299.94 24252.1
70800 275.202 5.62048 -306.257 -300.637 24252.1
70900 267.632 5.46588 -306.551 -301.085 24252.1
71000 278.703 5.69199 -306.222 -300.53 24252.1
71100 291.732 5.95808 -305.883 -299.925 24252.1
71200 289.992 5.92254 -305.706 -299.783 24252.1
71300 292.488 5.97352 -305.646 -299.673 24252.1
71400 300.656 6.14033 -305.76 -299.62 24252.1
71500 293.696 5.99818 -306.048 -300.049 24252.1
71600 274.752 5.61129 -306.347 -300.735 24252.1
71700 270.588 5.52624 -306.325 -300.799 24252.1
71800 291.165 5.94649 -305.975 -300.028 24252.1
71900 303.58 6.20004 -305.748 -299.548 24252.1
72000 301.858 6.16488 -305.946 -299.781 24252.1
72100 286.215 5.8454 -306.108 -300.263 24252.1
72200 277.561 5.66866 -306.168 -300.5 24252.1
72300 283.623 5.79246 -306.026 -300.233 24252.1
72400 312.787 6.38807 -305.549 -299.16 24252.1
72500 314.904 6.43132 -305.552 -299.121 24252.1
72600 291.398 5.95125 -305.789 -299.838 24252.1
72700 279.505 5.70835 -305.891 -300.183 24252.1
72800 282.724 5.7741 -305.945 -300.171 24252.1
72900 296.516 6.05579 -305.812 -299.756 24252.1
73000 312.53 6.38283 -305.417 -299.034 24252.1
73100 306.929 6.26844 -305.446 -299.177 24252.1
73200 279.632 5.71095 -305.883 -300.172 24252.1
73300 278.131 5.68029 -306.026 -300.346 24252.1
73400 286.39 5.84897 -306.084 -300.235 24252.1
73500 292.182 5.96726 -305.968 -300 24252.1
73600 296.133 6.04795 -305.626 -299.578 24252.1
73700 303.349 6.19532 -305.564 -299.369 24252.1
73800 292.046 5.96448 -306.041 -300.076 24252.1
73900 277.689 5.67127 -306.478 -300.807 24252.1
74000 271.275 5.54028 -306.454 -300.913 24252.1
74100 279.502 5.70829 -306.184 -300.476 24252.1
74200 301.522 6.15802 -305.821 -299.663 24252.1
74300 301.918 6.16609 -305.795 -299.629 24252.1
74400 291.314 5.94953 -306.003 -300.053 24252.1
74500 282.995 5.77963 -306.058 -300.278 24252.1
74600 273.931 5.59452 -306.107 -300.513 24252.1
74700 276.649 5.65004 -306.235 -300.585 24252.1
74800 281.864 5.75654 -306.315 -300.558 24252.1
74900 278.974 5.69752 -306.286 -300.588 24252.1
75000 272.087 5.55686 -306.208 -300.651 24252.1
75100 281.129 5.74153 -306.068 -300.326 24252.1
75200 295.467 6.03435 -305.789 -299.755 24252.1
75300 298.427 6.09481 -305.86 -299.766 24252.1
75400 275.314 5.62276 -306.336 -300.713 24252.1
75500 264.595 5.40386 -306.389 -300.985 24252.1
75600 273.511 5.58593 -306.257 -300.671 24252.1
75700 288.2 5.88593 -305.986 -300.1 24252.1
75800 293.469 5.99355 -305.958 -299.965 24252.1
75900 272.446 5.5642 -306.522 -300.958 24252.1
76000 258.843 5.28638 -306.765 -301.478 24252.1
76100 269.742 5.50898 -306.55 -301.041 24252.1
76200 283.319 5.78626 -306.2 -300.413 24252.1
76300 291.216 5.94753 -306.127 -300.18 24252.1
76400 277.3 5.66333 -306.374 -300.711 24252.1
76500 258.202 5.27329 -306.529 -301.256 24252.1
76600 263.64 5.38435 -306.406 -301.022 24252.1
76700 278.903 5.69606 -306.221 -300.525 24252.1
76800 286.945 5.8603 -306.101 -300.241 24252.1
76900 276.189 5.64064 -306.421 -300.781 24252.1
77000 252.084 5.14833 -306.775 -301.627 24252.1
77100 255.721 5.22262 -306.594 -301.372 24252.1
77200 274.874 5.61379 -306.331 -300.718 24252.1
77300 280.946 5.73778 -306.192 -300.454 24252.1
77400 277.365 5.66464 -306.323 -300.659 24252.1
77500 257.18 5.25242 -306.587 -301.335 24252.1
77600 238.896 4.879 -306.961 -302.082 24252.1
77700 252.141 5.14949 -306.835 -301.685 24252.1
77800 273.538 5.58649 -306.522 -300.936 24252.1
77900 275.411 5.62475 -306.604 -300.979 24252.1
78000 267.23 5.45767 -306.638 -301.181 24252.1
78100 261.649 5.34368 -306.618 -301.274 24252.1
78200 268.449 5.48257 -306.424 -300.941 24252.1
78300 288.544 5.89297 -306.141 -300.248 24252.1
78400 290.785 5.93873 -306.211 -300.273 24252.1
78500 261.363 5.33785 -306.483 -301.145 24252.1
78600 257.514 5.25924 -306.484 -301.224 24252.1
78700 276.637 5.64978 -306.581 -300.931 24252.1
78800 281.367 5.74638 -306.364 -300.617 24252.1
78900 265.22 5.41661 -306.577 -301.16 24252.1
79000 248.096 5.0669 -306.775 -301.708 24252.1
79100 258.369 5.2767 -306.696 -301.42 24252.1
79200 273.871 5.5933 -306.494 -300.901 24252.1
79300 275.842 5.63354 -306.336 -300.703 24252.1
79400 269.287 5.49967 -306.309 -300.809 24252.1
79500 268.14 5.47625 -306.404 -300.927 24252.1
79600 270.691 5.52836 -306.79 -301.262 24252.1
79700 249.158 5.08859 -307.087 -301.998 24252.1
79800 243.877 4.98072 -307.122 -302.141 24252.1
79900 249.424 5.09402 -306.756 -301.662 24252.1
80000 261.083 5.33212 -306.523 -301.191 24252.1
80100 268.301 5.47954 -306.375 -300.896 24252.1
80200 270.506 5.52458 -306.319 -300.794 24252.1
80300 264.289 5.39759 -306.504 -301.107 24252.1
80400 243.817 4.9795 -306.784 -301.805 24252.1
80500 245.627 5.01647 -306.89 -301.873 24252.1
80600 264.862 5.4093 -306.628 -301.218 24252.1
80700 272.361 5.56245 -306.475 -300.913 24252.1
80800 266.018 5.43292 -306.536 -301.103 24252.1
80900 259.212 5.29392 -306.626 -301.332 24252.1
81000 255.365 5.21534 -306.685 -301.47 24252.1
81100 263.42 5.37985 -306.892 -301.512 24252.1
81200 258.713 5.28373 -306.841 -301.557 24252.1
81300 254.875 5.20534 -306.751 -301.546 24252.1
81400 262.627 5.36365 -306.524 -301.161 24252.1
81500 280.979 5.73846 -306.355 -300.617 24252.1
81600 274.383 5.60375 -306.538 -300.934 24252.1
81700 254.28 5.19318 -306.966 -301.773 24252.1
81800 248.174 5.06849 -306.884 -301.816 24252.1
81900 256.714 5.24289 -306.639 -301.396 24252.1
82000 274.102 5.59801 -306.431 -300.833 24252.1
82100 271.285 5.54048 -306.636 -301.096 24252.1
82200 243.908 4.98136 -306.935 -301.953 24252.1
82300 240.074 4.90305 -306.882 -301.979 24252.1
82400 249.584 5.09728 -306.601 -301.504 24252.1
82500 269.999 5.51422 -306.484 -300.97 24252.1
82600 268.869 5.49115 -306.529 -301.038 24252.1
82700 248.682 5.07886 -306.791 -301.712 24252.1
82800 242.081 4.94404 -306.928 -301.984 24252.1
82900 247.241 5.04942 -306.901 -301.852 24252.1
83000 255.451 5.2171 -306.817 -301.6 24252.1
83100 262.207 5.35509 -306.763 -301.408 24252.1
83200 261.12 5.33289 -306.747 -301.415 24252.1
83300 252.134 5.14936 -306.934 -301.785 24252.1
83400 244.504 4.99353 -307.259 -302.265 24252.1
83500 239.707 4.89557 -307.215 -302.319 24252.1
83600 258.297 5.27522 -306.896 -301.621 24252.1
83700 267.131 5.45565 -306.506 -301.051 24252.1
83800 263.907 5.38981 -306.6 -301.211 24252.1
83900 256.931 5.24733 -306.773 -301.526 24252.1
84000 253.72 5.18174 -306.907 -301.725 24252.1
84100 252.376 5.15429 -307.006 -301.851 24252.1
84200 250.026 5.1063 -307.02 -301.914 24252.1
84300 246.709 5.03857 -306.746 -301.708 24252.1
84400 270.956 5.53376 -306.325 -300.791 24252.1
84500 281.017 5.73924 -306.353 -300.614 24252.1
84600 264.654 5.40505 -306.625 -301.22 24252.1
84700 251.901 5.1446 -306.848 -301.703 24252.1
84800 243.61 4.97527 -306.951 -301.976 24252.1
84900 245.565 5.01519 -306.961 -301.946 24252.1
85000 263.292 5.37724 -306.808 -301.431 24252.1
85100 272 5.55509 -306.571 -301.016 24252.1
85200 256.18 5.23199 -306.825 -301.593 24252.1
85300 242.515 4.9529 -307.082 -302.129 24252.1
85400 241.167 4.92537 -306.951 -302.025 24252.1
85500 256.976 5.24824 -306.869 -301.621 24252.1
85600 262.386 5.35874 -306.796 -301.437 24252.1
85700 241.478 4.93173 -307.094 -302.162 24252.1
85800 229.715 4.6915 -307.212 -302.52 24252.1
85900 244.617 4.99583 -307.176 -302.18 24252.1
86000 260.263 5.31538 -307.082 -301.766 24252.1
86100 253.502 5.17729 -306.995 -301.817 24252.1
86200 234.151 4.78209 -307.083 -302.301 24252.1
86300 211.586 4.32124 -307.395 -303.073 24252.1
86400 210.915 4.30753 -307.654 -303.347 24252.1
86500 229.709 4.69137 -307.386 -302.695 24252.1
86600 239.026 4.88165 -307.049 -302.167 24252.1
86700 247.318 5.051 -306.777 -301.726 24252.1
86800 254.519 5.19806 -306.576 -301.378 24252.1
86900 256.761 5.24386 -306.62 -301.377 24252.1
87000 238.651 4.874 -307.126 -302.252 24252.1
87100 230.332 4.7041 -307.251 -302.547 24252.1
87200 236.514 4.83034 -307.046 -302.216 24252.1
87300 255.123 5.21041 -306.933 -301.723 24252.1
87400 252.634 5.15957 -306.817 -301.657 24252.1
87500 245.191 5.00757 -306.949 -301.942 24252.1
87600 242.987 4.96254 -307.156 -302.193 24252.1
87700 240.893 4.91979 -307.151 -302.232 24252.1
87800 244.474 4.99292 -307.276 -302.283 24252.1
87900 242.391 4.95038 -307.355 -302.405 24252.1
88000 230.158 4.70054 -307.305 -302.604 24252.1
88100 233.439 4.76755 -307.364 -302.596 24252.1
88200 242.052 4.94345 -307.044 -302.101 24252.1
88300 252.839 5.16375 -306.754 -301.591 24252.1
88400 246.394 5.03212 -306.697 -301.665 24252.1
88500 233.093 4.76047 -307.085 -302.325 24252.1
88600 225.939 4.61438 -307.523 -302.909 24252.1
88700 228.104 4.6586 -307.497 -302.839 24252.1
88800 231.026 4.71826 -307.191 -302.473 24252.1
88900 239.229 4.88579 -307.019 -302.133 24252.1
89000 243.245 4.96781 -306.998 -302.031 24252.1
89100 248.406 5.07323 -307.22 -302.146 24252.1
89200 241.729 4.93686 -307.269 -302.333 24252.1
89300 231.796 4.734 -307.28 -302.546 24252.1
89400 233.972 4.77844 -307.258 -302.479 24252.1
89500 243.905 4.98131 -307.216 -302.234 24252.1
89600 257.507 5.25908 -307.116 -301.857 24252.1
89700 253.705 5.18144 -307.042 -301.861 24252.1
89800 231.679 4.7316 -307.315 -302.583 24252.1
89900 227.001 4.63607 -307.439 -302.803 24252.1
90000 233.996 4.77893 -307.487 -302.708 24252.1
90100 245.552 5.01494 -307.274 -302.259 24252.1
90200 254.887 5.20559 -306.885 -301.679 24252.1
90300 245.815 5.0203 -306.909 -301.889 24252.1
90400 231.126 4.72031 -307.407 -302.687 24252.1
90500 228.857 4.67396 -307.552 -302.878 24252.1
90600 229.783 4.69288 -307.469 -302.776 24252.1
90700 235.114 4.80175 -307.188 -302.387 24252.1
90800 247.65 5.05778 -306.805 -301.747 24252.1
90900 248.47 5.07453 -306.816 -301.741 24252.1
91000 241.487 4.93192 -307.018 -302.086 24252.1
91100 236.989 4.84006 -307.18 -302.339 24252.1
91200 231.033 4.71841 -307.353 -302.635 24252.1
91300 224.115 4.57712 -307.485 -302.907 24252.1
91400 222.88 4.55191 -307.699 -303.147 24252.1
91500 223.75 4.56967 -307.859 -303.289 24252.1
91600 225.065 4.59652 -307.503 -302.906 24252.1
91700 236.832 4.83685 -307.169 -302.332 24252.1
91800 244.255 4.98845 -307.087 -302.099 24252.1
91900 232.716 4.75279 -307.335 -302.582 24252.1
92000 220.816 4.50975 -307.661 -303.151 24252.1
92100 219.797 4.48894 -307.64 -303.151 24252.1
92200 228.916 4.67517 -307.505 -302.83 24252.1
92300 238.151 4.86379 -307.373 -302.509 24252.1
92400 238.597 4.87288 -307.329 -302.456 24252.1
92500 221.826 4.53038 -307.539 -303.009 24252.1
92600 213.367 4.35762 -307.777 -303.42 24252.1
92700 217.522 4.44248 -307.576 -303.134 24252.1
92800 231.34 4.72468 -307.264 -302.539 24252.1
92900 234.362 4.78639 -307.196 -302.409 24252.1
93000 233.587 4.77057 -307.408 -302.637 24252.1
93100 223.342 4.56134 -307.536 -302.975 24252.1
93200 215.427 4.39969 -307.731 -303.331 24252.1
93300 206.804 4.22359 -307.88 -303.656 24252.1
93400 206.548 4.21836 -307.914 -303.696 24252.1
93500 222.292 4.5399 -307.636 -303.096 24252.1
93600 234.029 4.77959 -307.387 -302.607 24252.1
93700 234.106 4.78117 -307.386 -302.605 24252.1
93800 220.579 4.5049 -307.63 -303.126 24252.1
93900 213.181 4.35381 -307.847 -303.493 24252.1
94000 215.325 4.3976 -307.769 -303.371 24252.1
94100 224.996 4.59511 -307.651 -303.056 24252.1
94200 228.879 4.67441 -307.589 -302.914 24252.1
94300 220.068 4.49447 -307.485 -302.991 24252.1
94400 212.698 4.34395 -307.445 -303.101 24252.1
94500 215.25 4.39607 -307.524 -303.128 24252.1
94600 223.562 4.56583 -307.432 -302.867 24252.1
94700 231.679 4.7316 -307.318 -302.586 24252.1
94800 229.218 4.68135 -307.289 -302.608 24252.1
94900 214.504 4.38083 -307.583 -303.202 24252.1
95000 211.771 4.32503 -307.851 -303.526 24252.1
95100 215.403 4.3992 -307.795 -303.396 24252.1
95200 235.207 4.80366 -307.506 -302.703 24252.1
95300 240.501 4.91178 -307.111 -302.199 24252.1
95400 229.26 4.68221 -307.214 -302.532 24252.1
95500 227.722 4.65078 -307.604 -302.953 24252.1
95600 222.475 4.54363 -307.906 -303.363 24252.1
95700 213.021 4.35056 -307.901 -303.55 24252.1
95800 208.481 4.25783 -307.692 -303.435 24252.1
95900 223.138 4.55718 -307.41 -302.853 24252.1
96000 238.69 4.87478 -307.33 -302.455 24252.1
96100 230.471 4.70694 -307.48 -302.773 24252.1
96200 214.462 4.37997 -307.602 -303.222 24252.1
96300 208.824 4.26484 -307.747 -303.482 24252.1
96400 217.428 4.44055 -307.694 -303.253 24252.1
96500 233.043 4.75945 -307.447 -302.688 24252.1
96600 231.678 4.73158 -307.204 -302.473 24252.1
96700 212.262 4.33505 -307.47 -303.135 24252.1
96800 207.98 4.2476 -307.773 -303.526 24252.1
96900 214.789 4.38667 -307.803 -303.417 24252.1
97000 218.265 4.45765 -307.669 -303.212 24252.1
97100 220.322 4.49966 -307.332 -302.832 24252.1
97200 227.429 4.6448 -306.946 -302.302 24252.1
97300 233.94 4.77779 -307.143 -302.365 24252.1
97400 222.102 4.53602 -307.7 -303.164 24252.1
97500 211.988 4.32946 -307.821 -303.491 24252.1
97600 205.484 4.19662 -307.795 -303.598 24252.1
97700 215.393 4.39899 -307.8 -303.401 24252.1
97800 229.012 4.67714 -307.574 -302.897 24252.1
97900 224.135 4.57754 -307.586 -303.008 24252.1
98000 202.1 4.1275 -307.828 -303.701 24252.1
98100 196.935 4.02202 -307.75 -303.728 24252.1
98200 214.414 4.379 -307.695 -303.316 24252.1
98300 224.222 4.5793 -307.735 -303.156 24252.1
98400 212.512 4.34016 -307.672 -303.332 24252.1
98500 205.887 4.20485 -307.628 -303.423 24252.1
98600 209.049 4.26942 -307.591 -303.322 24252.1
98700 217.524 4.44252 -307.668 -303.226 24252.1
98800 209.968 4.28819 -307.833 -303.545 24252.1
98900 191.803 3.91721 -308.037 -304.12 24252.1
99000 195.119 3.98493 -308.036 -304.051 24252.1
99100 207.501 4.23782 -307.939 -303.701 24252.1
99200 213.192 4.35404 -307.923 -303.569 24252.1
99300 208.632 4.26091 -307.98 -303.719 24252.1
99400 198.686 4.05778 -307.997 -303.94 24252.1
99500 196.536 4.01387 -308.198 -304.184 24252.1
99600 202.509 4.13586 -308.308 -304.172 24252.1
99700 207.543 4.23868 -308.129 -303.891 24252.1
99800 209.371 4.27601 -307.719 -303.443 24252.1
99900 217.234 4.43659 -307.483 -303.046 24252.1
100000 224.225 4.57936 -307.447 -302.867 24252.1
100100 211.903 4.32771 -307.945 -303.618 24252.1
100200 198.924 4.06265 -308.117 -304.054 24252.1
100300 194.403 3.97031 -307.993 -304.023 24252.1
100400 208.043 4.24888 -307.785 -303.536 24252.1
100500 218.221 4.45674 -307.676 -303.219 24252.1
100600 212.194 4.33366 -307.793 -303.459 24252.1
100700 196.987 4.02309 -307.962 -303.939 24252.1
100800 193.925 3.96055 -307.944 -303.984 24252.1
100900 202.209 4.12973 -307.861 -303.731 24252.1
101000 213.597 4.36231 -307.834 -303.472 24252.1
101100 209.681 4.28234 -307.866 -303.584 24252.1
101200 190.885 3.89847 -308.106 -304.208 24252.1
101300 192.296 3.92727 -308.247 -304.32 24252.1
101400 201.649 4.11829 -308.208 -304.09 24252.1
101500 210.141 4.29172 -308.183 -303.892 24252.1
101600 200.34 4.09156 -308.072 -303.98 24252.1
101700 183.288 3.74332 -308.346 -304.602 24252.1
101800 174.847 3.57092 -308.493 -304.922 24252.1
101900 193.104 3.94378 -308.48 -304.536 24252.1
102000 201.709 4.11952 -308.313 -304.193 24252.1
102100 199.339 4.07113 -308.073 -304.001 24252.1
102200 204.608 4.17873 -307.824 -303.645 24252.1
102300 227.322 4.64263 -307.676 -303.034 24252.1
102400 220.138 4.4959 -307.822 -303.326 24252.1
102500 201.159 4.10828 -308.02 -303.911 24252.1
102600 191.118 3.90323 -307.976 -304.073 24252.1
102700 199.035 4.06491 -308.017 -303.952 24252.1
102800 208.884 4.26606 -308.016 -303.75 24252.1
102900 202.765 4.14109 -308.153 -304.012 24252.1
103000 183.201 3.74153 -308.345 -304.603 24252.1
103100 180.776 3.692 -308.182 -304.49 24252.1
103200 196.929 4.02191 -308.128 -304.106 24252.1
103300 205.962 4.20639 -308.232 -304.025 24252.1
103400 195.419 3.99106 -308.257 -304.265 24252.1
103500 187.173 3.82265 -308.292 -304.469 24252.1
103600 189.64 3.87303 -308.343 -304.47 24252.1
103700 206.768 4.22285 -308.208 -303.985 24252.1
103800 210.579 4.30067 -308.111 -303.81 24252.1
103900 192.894 3.9395 -308.208 -304.269 24252.1
104000 182.266 3.72243 -308.179 -304.456 24252.1
104100 194.327 3.96875 -308.206 -304.237 24252.1
104200 201.046 4.10598 -308.093 -303.987 24252.1
104300 200.677 4.09844 -307.939 -303.84 24252.1
104400 198.064 4.04508 -307.803 -303.758 24252.1
104500 197.348 4.03046 -308.05 -304.02 24252.1
104600 191.906 3.91931 -308.374 -304.454 24252.1
104700 181.773 3.71236 -308.461 -304.749 24252.1
104800 181.805 3.71303 -308.292 -304.579 24252.1
104900 195.096 3.98447 -307.981 -303.996 24252.1
105000 199.349 4.07132 -308.032 -303.961 24252.1
105100 193.174 3.94521 -308.227 -304.282 24252.1
105200 183.748 3.75271 -308.379 -304.627 24252.1
105300 181.405 3.70486 -308.452 -304.747 24252.1
105400 198.049 4.04478 -308.235 -304.191 24252.1
105500 208.938 4.26715 -308.062 -303.795 24252.1
105600 196.565 4.01447 -308.251 -304.237 24252.1
105700 187.527 3.82989 -308.349 -304.519 24252.1
105800 187.128 3.82173 -308.443 -304.621 24252.1
105900 187.574 3.83085 -308.353 -304.523 24252.1
106000 192.02 3.92164 -308.214 -304.292 24252.1
106100 199.614 4.07674 -307.867 -303.79 24252.1
106200 204.369 4.17385 -307.996 -303.823 24252.1
106300 192.798 3.93753 -308.344 -304.407 24252.1
106400 181.877 3.7145 -308.432 -304.718 24252.1
106500 180.884 3.69422 -308.346 -304.652 24252.1
106600 190.061 3.88164 -308.151 -304.269 24252.1
106700 199.6 4.07644 -307.999 -303.923 24252.1
106800 197.868 4.04107 -308.14 -304.099 24252.1
106900 187.748 3.8344 -308.284 -304.449 24252.1
107000 182.54 3.72802 -308.221 -304.493 24252.1
107100 186.259 3.80399 -308.252 -304.448 24252.1
107200 190.902 3.89881 -308.349 -304.45 24252.1
107300 185.32 3.78481 -308.561 -304.776 24252.1
107400 171.96 3.51196 -308.719 -305.207 24252.1
107500 172.253 3.51795 -308.679 -305.161 24252.1
107600 187.501 3.82934 -308.438 -304.608 24252.1
107700 192.18 3.92491 -308.333 -304.408 24252.1
107800 189.394 3.86802 -308.473 -304.605 24252.1
107900 177.099 3.61691 -308.56 -304.943 24252.1
108000 173.213 3.53755 -308.502 -304.964 24252.1
108100 188.7 3.85385 -308.322 -304.468 24252.1
108200 199.776 4.08005 -308.158 -304.078 24252.1
108300 192.035 3.92195 -308.281 -304.359 24252.1
108400 181.044 3.69747 -308.372 -304.675 24252.1
108500 177.93 3.63389 -308.441 -304.807 24252.1
108600 184.227 3.76249 -308.642 -304.879 24252.1
108700 171.339 3.49926 -308.774 -305.274 24252.1
108800 161.252 3.29326 -308.825 -305.532 24252.1
108900 169.518 3.46208 -308.642 -305.18 24252.1
109000 174.862 3.57122 -308.416 -304.845 24252.1
109100 183.645 3.7506 -308.44 -304.689 24252.1
109200 184.397 3.76597 -308.404 -304.638 24252.1
109300 176.703 3.60882 -308.572 -304.963 24252.1
109400 167.132 3.41336 -308.843 -305.43 24252.1
109500 166.912 3.40887 -308.864 -305.455 24252.1
109600 180.76 3.69169 -308.754 -305.063 24252.1
109700 179.374 3.66338 -308.609 -304.945 24252.1
109800 172.672 3.52649 -308.402 -304.875 24252.1
109900 182.876 3.7349 -308.488 -304.753 24252.1
110000 186.666 3.81229 -308.522 -304.71 24252.1
110100 174.205 3.55781 -308.791 -305.234 24252.1
110200 164.565 3.36092 -308.817 -305.456 24252.1
110300 169.58 3.46334 -308.605 -305.142 24252.1
110400 183.303 3.74362 -308.462 -304.719 24252.1
110500 182.131 3.71969 -308.503 -304.784 24252.1
110600 172.645 3.52595 -308.557 -305.031 24252.1
110700 168.234 3.43586 -308.516 -305.08 24252.1
110800 171.552 3.50363 -308.477 -304.973 24252.1
110900 177.097 3.61687 -308.548 -304.931 24252.1
111000 176.639 3.60751 -308.62 -305.012 24252.1
111100 164.712 3.36392 -308.66 -305.296 24252.1
111200 152.844 3.12156 -308.765 -305.644 24252.1
111300 156.676 3.19981 -308.796 -305.596 24252.1
111400 174.183 3.55737 -308.618 -305.06 24252.1
111500 178.754 3.65072 -308.509 -304.859 24252.1
111600 174.435 3.56251 -308.522 -304.96 24252.1
111700 165.013 3.37007 -308.673 -305.303 24252.1
111800 164.634 3.36234 -309.035 -305.672 24252.1
111900 159.276 3.25292 -309.237 -305.985 24252.1
112000 149.392 3.05104 -309.22 -306.169 24252.1
112100 160.649 3.28094 -309.003 -305.722 24252.1
112200 170.594 3.48407 -308.691 -305.207 24252.1
112300 176.412 3.60289 -308.597 -304.994 24252.1
112400 173.291 3.53914 -308.7 -305.161 24252.1
112500 158.737 3.24191 -308.787 -305.545 24252.1
112600 155.963 3.18525 -308.795 -305.61 24252.1
112700 170.704 3.4863 -308.544 -305.058 24252.1
112800 177.11 3.61713 -308.466 -304.849 24252.1
112900 169.495 3.46161 -308.545 -305.083 24252.1
113000 162.278 3.31421 -308.696 -305.382 24252.1
113100 161.252 3.29327 -308.797 -305.504 24252.1
113200 169.78 3.46744 -308.734 -305.267 24252.1
113300 180.771 3.6919 -308.551 -304.86 24252.1
113400 175.643 3.58718 -308.614 -305.027 24252.1
113500 163.122 3.33145 -308.836 -305.505 24252.1
113600 163.802 3.34535 -308.959 -305.613 24252.1
113700 165.016 3.37014 -308.983 -305.612 24252.1
113800 163.933 3.34802 -308.925 -305.577 24252.1
113900 171.441 3.50136 -308.772 -305.27 24252.1
114000 180.934 3.69523 -308.576 -304.881 24252.1
114100 175.503 3.58432 -308.745 -305.161 24252.1
114200 162.515 3.31906 -308.871 -305.552 24252.1
114300 158.629 3.2397 -308.821 -305.581 24252.1
114400 162.934 3.32761 -308.757 -305.429 24252.1
114500 174.963 3.57329 -308.609 -305.035 24252.1
114600 179.313 3.66213 -308.55 -304.888 24252.1
114700 162.731 3.32347 -308.813 -305.49 24252.1
114800 154.67 3.15883 -308.845 -305.686 24252.1
114900 159.395 3.25533 -308.724 -305.468 24252.1
115000 170.766 3.48757 -308.633 -305.145 24252.1
115100 170.189 3.47579 -308.673 -305.197 24252.1
115200 156.521 3.19664 -308.912 -305.715 24252.1
115300 152.829 3.12125 -308.976 -305.854 24252.1
115400 159.085 3.24901 -308.948 -305.699 24252.1
115500 165.329 3.37653 -308.916 -305.539 24252.1
115600 167.325 3.4173 -308.922 -305.505 24252.1
115700 156.803 3.2024 -308.996 -305.794 24252.1
115800 148.041 3.02345 -309.18 -306.156 24252.1
115900 154.025 3.14567 -309.174 -306.029 24252.1
116000 165.644 3.38297 -308.947 -305.564 24252.1
116100 166.797 3.40651 -308.826 -305.419 24252.1
116200 162.021 3.30897 -308.845 -305.536 24252.1
116300 161.723 3.30289 -308.954 -305.651 24252.1
116400 158.418 3.23538 -309.031 -305.795 24252.1
116500 149.669 3.05671 -309.152 -306.095 24252.1
116600 141.816 2.89633 -309.353 -306.457 24252.1
116700 137.139 2.80081 -309.397 -306.596 24252.1
116800 147.196 3.00621 -309.088 -306.081 24252.1
116900 157.795 3.22266 -308.937 -305.714 24252.1
117000 162.062 3.30981 -308.862 -305.552 24252.1
117100 159.202 3.2514 -308.829 -305.578 24252.1
117200 149.285 3.04887 -308.966 -305.917 24252.1
117300 144.98 2.96094 -309.135 -306.174 24252.1
117400 152.517 3.11488 -309.091 -305.976 24252.1
117500 163.797 3.34524 -308.805 -305.459 24252.1
117600 163.852 3.34638 -308.894 -305.548 24252.1
117700 154.82 3.16189 -309.054 -305.892 24252.1
117800 147.565 3.01374 -309.233 -306.219 24252.1
117900 151.355 3.09113 -309.281 -306.19 24252.1
118000 159.603 3.25959 -308.995 -305.736 24252.1
118100 167.951 3.43008 -308.797 -305.367 24252.1
118200 161.755 3.30354 -308.967 -305.664 24252.1
118300 152.261 3.10963 -309.087 -305.978 24252.1
118400 148.948 3.04198 -309.127 -306.085 24252.1
118500 150.375 3.07112 -309.118 -306.047 24252.1
118600 155.494 3.17567 -308.921 -305.745 24252.1
118700 164.504 3.35969 -308.747 -305.387 24252.1
118800 160.015 3.26801 -308.815 -305.547 24252.1
118900 149.295 3.04908 -309.017 -305.968 24252.1
119000 148.179 3.02628 -309.091 -306.065 24252.1
119100 148.729 3.03752 -309.039 -306.001 24252.1
119200 153.638 3.13776 -308.947 -305.81 24252.1
119300 163.607 3.34137 -308.848 -305.507 24252.1
119400 160.121 3.27017 -308.904 -305.634 24252.1
119500 147.524 3.0129 -309.212 -306.199 24252.1
119600 144.48 2.95072 -309.312 -306.361 24252.1
119700 146.122 2.98426 -309.258 -306.274 24252.1
119800 153.922 3.14357 -309.125 -305.982 24252.1
119900 159.48 3.25707 -309.019 -305.762 24252.1
120000 151.589 3.09592 -309.184 -306.088 24252.1
120100 142.494 2.91016 -309.394 -306.484 24252.1
120200 142.462 2.90951 -309.361 -306.451 24252.1
120300 150.779 3.07938 -309.366 -306.286 24252.1
120400 153.61 3.1372 -309.246 -306.109 24252.1
120500 149.188 3.04689 -309.182 -306.136 24252.1
120600 139.409 2.84716 -309.216 -306.369 24252.1
120700 139.115 2.84117 -309.378 -306.537 24252.1
120800 142.136 2.90287 -309.346 -306.444 24252.1
120900 149.913 3.06169 -309.081 -306.019 24252.1
121000 151.781 3.09983 -308.948 -305.848 24252.1
121100 147.535 3.01311 -309.131 -306.117 24252.1
121200 140.075 2.86077 -309.369 -306.509 24252.1
121300 138.582 2.83028 -309.479 -306.649 24252.1
121400 139.55 2.85004 -309.378 -306.528 24252.1
121500 142.314 2.90649 -309.198 -306.292 24252.1
121600 144.425 2.9496 -308.979 -306.03 24252.1
121700 155.112 3.16787 -309.014 -305.846 24252.1
121800 150.048 3.06444 -309.328 -306.264 24252.1
121900 137.567 2.80955 -309.462 -306.653 24252.1
122000 133.869 2.73401 -309.384 -306.65 24252.1
122100 143.968 2.94028 -309.248 -306.308 24252.1
122200 150.435 3.07236 -309.186 -306.113 24252.1
122300 142.766 2.91573 -309.312 -306.397 24252.1
122400 132.362 2.70324 -309.409 -306.706 24252.1
122500 133.073 2.71775 -309.378 -306.66 24252.1
122600 137.579 2.8098 -309.233 -306.423 24252.1
122700 141.891 2.89786 -309.113 -306.215 24252.1
122800 144.621 2.95361 -309.169 -306.216 24252.1
122900 134.36 2.74405 -309.422 -306.678 24252.1
123000 126.439 2.58228 -309.612 -307.03 24252.1
123100 132.811 2.71242 -309.558 -306.845 24252.1
123200 140.841 2.87642 -309.47 -306.594 24252.1
123300 141.812 2.89625 -309.429 -306.533 24252.1
123400 139.133 2.84154 -309.53 -306.689 24252.1
123500 124.877 2.55037 -309.65 -307.1 24252.1
123600 125.604 2.56523 -309.609 -307.043 24252.1
123700 132.916 2.71456 -309.478 -306.763 24252.1
123800 136.543 2.78864 -309.343 -306.555 24252.1
123900 140.56 2.87067 -309.335 -306.465 24252.1
124000 135.592 2.76922 -309.348 -306.579 24252.1
124100 126.414 2.58176 -309.651 -307.07 24252.1
124200 127.394 2.60179 -309.709 -307.107 24252.1
124300 131.047 2.6764 -309.53 -306.853 24252.1
124400 136.559 2.78895 -309.368 -306.579 24252.1
124500 137.596 2.81013 -309.423 -306.613 24252.1
124600 134.001 2.73673 -309.45 -306.713 24252.1
124700 134.96 2.75631 -309.616 -306.86 24252.1
124800 128.023 2.61463 -309.742 -307.128 24252.1
124900 118.275 2.41554 -310.017 -307.601 24252.1
125000 121.497 2.48134 -309.986 -307.505 24252.1
125100 126.447 2.58244 -309.694 -307.112 24252.1
125200 132.863 2.71348 -309.609 -306.895 24252.1
125300 132.755 2.71127 -309.475 -306.764 24252.1
125400 135.118 2.75953 -309.37 -306.61 24252.1
125500 139.863 2.85644 -309.264 -306.407 24252.1
125600 140.776 2.87509 -309.35 -306.475 24252.1
125700 133.965 2.73599 -309.597 -306.861 24252.1
125800 126.289 2.57921 -309.7 -307.121 24252.1
125900 125.509 2.56329 -309.697 -307.134 24252.1
126000 131.381 2.68321 -309.576 -306.892 24252.1
126100 139.014 2.8391 -309.373 -306.534 24252.1
126200 137.206 2.80218 -309.451 -306.648 24252.1
126300 130.901 2.6734 -309.578 -306.905 24252.1
126400 130.085 2.65674 -309.706 -307.049 24252.1
126500 127.027 2.59429 -309.799 -307.205 24252.1
126600 124.565 2.54401 -309.877 -307.333 24252.1
126700 121.078 2.47279 -309.813 -307.341 24252.1
126800 127.257 2.59898 -309.626 -307.027 24252.1
126900 135.215 2.76151 -309.481 -306.72 24252.1
127000 130.381 2.66278 -309.563 -306.9 24252.1
127100 125.475 2.56258 -309.742 -307.179 24252.1
127200 122.414 2.50008 -309.857 -307.357 24252.1
127300 122.049 2.49261 -309.836 -307.344 24252.1
127400 123.315 2.51847 -309.794 -307.276 24252.1
127500 125.523 2.56356 -309.606 -307.042 24252.1
127600 130.892 2.67322 -309.514 -306.841 24252.1
127700 131.022 2.67588 -309.556 -306.88 24252.1
127800 119.064 2.43166 -309.704 -307.272 24252.1
127900 116.529 2.37989 -309.735 -307.355 24252.1
128000 122.134 2.49436 -309.655 -307.16 24252.1
128100 127.07 2.59517 -309.542 -306.947 24252.1
128200 128.481 2.62398 -309.604 -306.98 24252.1
128300 126.069 2.57472 -309.676 -307.101 24252.1
128400 123.738 2.52712 -309.741 -307.214 24252.1
128500 124.024 2.53296 -309.864 -307.331 24252.1
128600 118.642 2.42304 -309.987 -307.564 24252.1
128700 109.255 2.23132 -310.186 -307.954 24252.1
128800 107.352 2.19247 -310.11 -307.918 24252.1
128900 113.58 2.31965 -309.97 -307.65 24252.1
129000 120.6 2.46303 -309.834 -307.371 24252.1
129100 123.006 2.51217 -309.677 -307.165 24252.1
129200 125.195 2.55687 -309.744 -307.187 24252.1
129300 117.999 2.4099 -309.946 -307.536 24252.1
129400 108.967 2.22545 -309.999 -307.773 24252.1
129500 114.728 2.34309 -309.955 -307.612 24252.1
129600 119.953 2.44981 -309.824 -307.374 24252.1
129700 120.859 2.46832 -309.738 -307.269 24252.1
129800 121.227 2.47584 -309.8 -307.324 24252.1
129900 114.488 2.33819 -309.839 -307.501 24252.1
130000 105.943 2.16368 -310.052 -307.889 24252.1
130100 105.445 2.15351 -310.11 -307.956 24252.1
130200 111.25 2.27207 -309.933 -307.661 24252.1
130300 118.526 2.42066 -309.877 -307.456 24252.1
130400 119.226 2.43496 -309.842 -307.408 24252.1
130500 116.226 2.37369 -309.88 -307.507 24252.1
130600 112.507 2.29774 -310.055 -307.757 24252.1
130700 107.244 2.19025 -310.188 -307.998 24252.1
130800 110.82 2.26329 -310.177 -307.913 24252.1
130900 118.314 2.41633 -309.928 -307.511 24252.1
131000 118.351 2.41709 -309.844 -307.427 24252.1
131100 118.401 2.41812 -310.005 -307.587 24252.1
131200 113.372 2.31541 -310.081 -307.765 24252.1
131300 109.246 2.23114 -310.157 -307.926 24252.1
131400 109.092 2.228 -310.022 -307.794 24252.1
131500 111.474 2.27664 -309.942 -307.666 24252.1
131600 112.808 2.30389 -309.897 -307.593 24252.1
131700 116.547 2.38026 -309.906 -307.526 24252.1
131800 112.087 2.28915 -309.927 -307.638 24252.1
131900 105.71 2.15892 -310.065 -307.906 24252.1
132000 104.609 2.13644 -310.073 -307.936 24252.1
132100 110.283 2.25233 -309.916 -307.664 24252.1
132200 117.225 2.3941 -309.845 -307.451 24252.1
132300 113.396 2.3159 -309.891 -307.576 24252.1
132400 108.365 2.21314 -309.926 -307.713 24252.1
132500 107.427 2.194 -310.022 -307.828 24252.1
132600 105.545 2.15555 -310.171 -308.015 24252.1
132700 103.365 2.11104 -310.329 -308.218 24252.1
132800 104.629 2.13685 -310.365 -308.228 24252.1
132900 108.432 2.21452 -310.146 -307.932 24252.1
133000 114.521 2.33887 -310.068 -307.729 24252.1
133100 112.454 2.29666 -310.09 -307.794 24252.1
133200 107.727 2.20011 -310.148 -307.948 24252.1
133300 104.768 2.13969 -310.239 -308.099 24252.1
133400 103.983 2.12365 -310.214 -308.09 24252.1
133500 106.82 2.18159 -310.182 -308 24252.1
133600 108.678 2.21954 -310.099 -307.88 24252.1
133700 110.277 2.2522 -310.021 -307.769 24252.1
133800 112.251 2.29252 -310.029 -307.736 24252.1
133900 104.907 2.14253 -310.072 -307.93 24252.1
134000 99.7663 2.03754 -310.111 -308.073 24252.1
134100 102.071 2.0846 -310.063 -307.979 24252.1
134200 110.503 2.25681 -309.95 -307.693 24252.1
134300 111.411 2.27536 -309.844 -307.569 24252.1
134400 109.519 2.23672 -309.949 -307.713 24252.1
134500 106.135 2.16761 -310.142 -307.975 24252.1
134600 104.193 2.12795 -310.292 -308.164 24252.1
134700 101.674 2.07649 -310.308 -308.231 24252.1
134800 101.866 2.08041 -310.289 -308.208 24252.1
134900 110.446 2.25564 -310.106 -307.85 24252.1
135000 113.398 2.31594 -310.092 -307.776 24252.1
135100 106.073 2.16635 -310.129 -307.962 24252.1
135200 103.54 2.11461 -310.28 -308.165 24252.1
135300 102.464 2.09264 -310.257 -308.164 24252.1
135400 101.133 2.06544 -310.338 -308.273 24252.1
135500 97.5269 1.9918 -310.437 -308.445 24252.1
135600 90.236 1.8429 -310.508 -308.665 24252.1
135700 94.0086 1.91995 -310.454 -308.534 24252.1
135800 97.5943 1.99318 -310.337 -308.343 24252.1
135900 101.911 2.08133 -310.303 -308.222 24252.1
136000 98.9589 2.02105 -310.195 -308.174 24252.1
136100 103.744 2.11877 -310.156 -308.038 24252.1
136200 108.057 2.20685 -310.089 -307.882 24252.1
136300 105.173 2.14796 -310.087 -307.939 24252.1
136400 95.814 1.95682 -310.222 -308.265 24252.1
136500 95.9413 1.95942 -310.25 -308.291 24252.1
136600 100.361 2.04969 -310.311 -308.261 24252.1
136700 102.105 2.0853 -310.356 -308.271 24252.1
136800 98.7793 2.01738 -310.307 -308.289 24252.1
136900 95.0013 1.94022 -310.389 -308.448 24252.1
137000 92.4678 1.88848 -310.392 -308.503 24252.1
137100 97.044 1.98194 -310.404 -308.422 24252.1
137200 104.308 2.13029 -310.352 -308.221 24252.1
137300 100.386 2.0502 -310.247 -308.197 24252.1
137400 93.053 1.90043 -310.393 -308.493 24252.1
137500 93.9793 1.91935 -310.492 -308.572 24252.1
137600 97.3772 1.98874 -310.621 -308.632 24252.1
137700 90.9527 1.85754 -310.565 -308.707 24252.1
137800 79.853 1.63085 -310.57 -308.94 24252.1
137900 80.7446 1.64905 -310.463 -308.814 24252.1
138000 89.1247 1.8202 -310.377 -308.557 24252.1
138100 96.7721 1.97639 -310.307 -308.33 24252.1
138200 96.3471 1.96771 -310.243 -308.275 24252.1
138300 91.4943 1.8686 -310.217 -308.348 24252.1
138400 92.4299 1.8877 -310.259 -308.372 24252.1
138500 98.1111 2.00373 -310.255 -308.252 24252.1
138600 99.6248 2.03465 -310.334 -308.299 24252.1
138700 89.5168 1.82821 -310.424 -308.596 24252.1
138800 82.9438 1.69397 -310.277 -308.583 24252.1
138900 92.236 1.88374 -310.24 -308.357 24252.1
139000 99.7087 2.03636 -310.341 -308.304 24252.1
139100 93.9586 1.91893 -310.423 -308.504 24252.1
139200 85.4461 1.74508 -310.412 -308.667 24252.1
139300 84.8259 1.73241 -310.258 -308.525 24252.1
139400 93.843 1.91657 -310.26 -308.344 24252.1
139500 96.1913 1.96453 -310.352 -308.387 24252.1
139600 89.1488 1.82069 -310.33 -308.51 24252.1
139700 86.206 1.76059 -310.312 -308.551 24252.1
139800 90.337 1.84496 -310.332 -308.487 24252.1
139900 91.7669 1.87416 -310.401 -308.527 24252.1
140000 86.0669 1.75775 -310.669 -308.912 24252.1
140100 81.8309 1.67124 -310.714 -309.043 24252.1
140200 84.4007 1.72372 -310.608 -308.884 24252.1
140300 92.4331 1.88777 -310.598 -308.711 24252.1
140400 89.975 1.83757 -310.553 -308.716 24252.1
140500 87.8041 1.79323 -310.67 -308.877 24252.1
140600 84.1432 1.71846 -310.744 -309.025 24252.1
140700 81.4522 1.66351 -310.645 -308.982 24252.1
140800 84.4246 1.72421 -310.518 -308.793 24252.1
140900 88.2442 1.80222 -310.405 -308.603 24252.1
141000 90.1888 1.84194 -310.457 -308.615 24252.1
141100 85.2985 1.74206 -310.47 -308.728 24252.1
141200 82.3153 1.68113 -310.548 -308.867 24252.1
141300 84.638 1.72857 -310.546 -308.818 24252.1
141400 86.1876 1.76022 -310.484 -308.724 24252.1
141500 93.4781 1.90911 -310.368 -308.459 24252.1
141600 93.4885 1.90932 -310.38 -308.471 24252.1
141700 82.8392 1.69183 -310.469 -308.778 24252.1
141800 85.0849 1.7377 -310.555 -308.818 24252.1
141900 83.6847 1.7091 -310.684 -308.975 24252.1
142000 79.0736 1.61493 -310.789 -309.174 24252.1
142100 79.1393 1.61627 -310.752 -309.136 24252.1
142200 79.7789 1.62933 -310.605 -308.976 24252.1
142300 85.0421 1.73682 -310.631 -308.895 24252.1
142400 80.5316 1.64471 -310.606 -308.961 24252.1
142500 79.0963 1.61539 -310.631 -309.016 24252.1
142600 82.2786 1.68038 -310.7 -309.02 24252.1
142700 82.1816 1.6784 -310.746 -309.067 24252.1
142800 80.465 1.64335 -310.788 -309.145 24252.1
142900 77.7886 1.58868 -310.834 -309.245 24252.1
143000 75.864 1.54938 -310.788 -309.239 24252.1
143100 78.1155 1.59536 -310.634 -309.039 24252.1
143200 83.3641 1.70255 -310.432 -308.729 24252.1
143300 83.383 1.70294 -310.485 -308.782 24252.1
143400 79.4554 1.62273 -310.593 -308.971 24252.1
143500 75.9508 1.55115 -310.636 -309.085 24252.1
143600 77.1513 1.57567 -310.691 -309.115 24252.1
143700 79.9502 1.63283 -310.734 -309.101 24252.1
143800 75.714 1.54632 -310.787 -309.241 24252.1
143900 68.7937 1.40498 -310.918 -309.513 24252.1
144000 71.6925 1.46418 -310.898 -309.433 24252.1
144100 78.0193 1.5934 -310.821 -309.228 24252.1
144200 80.9597 1.65345 -310.85 -309.197 24252.1
144300 75.7895 1.54786 -310.918 -309.37 24252.1
144400 69.8971 1.42752 -310.905 -309.478 24252.1
144500 71.2566 1.45528 -310.849 -309.393 24252.1
144600 75.4393 1.5407 -310.87 -309.33 24252.1
144700 75.629 1.54458 -310.859 -309.315 24252.1
144800 74.943 1.53057 -310.908 -309.378 24252.1
144900 69.1323 1.4119 -310.891 -309.479 24252.1
145000 68.3873 1.39668 -310.958 -309.561 24252.1
145100 73.2136 1.49525 -310.876 -309.381 24252.1
145200 75.9411 1.55095 -310.759 -309.208 24252.1
145300 75.4894 1.54173 -310.778 -309.236 24252.1
145400 71.6425 1.46316 -310.774 -309.311 24252.1
145500 69.2527 1.41435 -310.811 -309.397 24252.1
145600 68.3066 1.39503 -310.906 -309.511 24252.1
145700 66.3104 1.35427 -310.99 -309.636 24252.1
145800 65.2628 1.33287 -310.987 -309.654 24252.1
145900 69.5717 1.42087 -310.91 -309.489 24252.1
146000 74.3058 1.51756 -310.897 -309.379 24252.1
146100 73.1558 1.49407 -310.975 -309.481 24252.1
146200 68.2782 1.39445 -310.981 -309.586 24252.1
146300 66.0601 1.34915 -311.031 -309.681 24252.1
146400 68.964 1.40846 -311.01 -309.602 24252.1
146500 72.8934 1.48871 -311.069 -309.58 24252.1
146600 69.761 1.42474 -311.017 -309.592 24252.1
146700 64.9649 1.32678 -311.085 -309.759 24252.1
146800 65.9123 1.34613 -311.033 -309.687 24252.1
146900 66.9013 1.36633 -311.005 -309.639 24252.1
147000 68.7742 1.40458 -310.929 -309.524 24252.1
147100 69.5185 1.41978 -310.853 -309.433 24252.1
147200 72.0766 1.47203 -310.827 -309.355 24252.1
147300 72.9112 1.48907 -310.77 -309.281 24252.1
147400 66.9727 1.36779 -310.898 -309.53 24252.1
147500 64.9873 1.32724 -310.952 -309.624 24252.1
147600 64.4965 1.31722 -310.943 -309.626 24252.1
147700 66.6602 1.36141 -310.846 -309.484 24252.1
147800 71.1694 1.4535 -310.761 -309.307 24252.1
147900 69.0774 1.41077 -310.757 -309.346 24252.1
148000 62.4817 1.27607 -310.869 -309.593 24252.1
148100 63.0075 1.28681 -310.898 -309.611 24252.1
148200 67.1693 1.3718 -310.935 -309.564 24252.1
148300 68.0398 1.38958 -311.042 -309.652 24252.1
148400 62.3214 1.2728 -311.129 -309.857 24252.1
148500 61.9833 1.26589 -311.232 -309.966 24252.1
148600 62.0499 1.26725 -311.179 -309.912 24252.1
148700 62.322 1.27281 -311.054 -309.781 24252.1
148800 69.2339 1.41397 -311.023 -309.609 24252.1
148900 65.9178 1.34625 -311.024 -309.678 24252.1
149000 61.3088 1.25212 -311.029 -309.776 24252.1
149100 61.691 1.25992 -311.063 -309.803 24252.1
149200 61.8184 1.26252 -311.149 -309.886 24252.1
149300 56.1524 1.14681 -311.25 -310.103 24252.1
149400 54.6573 1.11627 -311.257 -310.141 24252.1
149500 57.7503 1.17944 -311.2 -310.02 24252.1
149600 59.768 1.22065 -311.019 -309.798 24252.1
149700 63.0514 1.2877 -311.098 -309.811 24252.1
149800 58.8945 1.20281 -311.145 -309.942 24252.1
149900 53.6073 1.09483 -311.162 -310.067 24252.1
150000 55.8862 1.14137 -311.175 -310.033 24252.1
150100 59.9776 1.22493 -311.135 -309.91 24252.1
150200 59.4373 1.21389 -311.107 -309.894 24252.1
150300 56.863 1.16132 -311.12 -309.958 24252.1
150400 55.794 1.13949 -311.074 -309.934 24252.1
150500 56.4646 1.15318 -311.113 -309.96 24252.1
150600 60.3016 1.23155 -311.127 -309.895 24252.1
150700 62.7875 1.28232 -311.185 -309.903 24252.1
150800 58.4677 1.19409 -311.354 -310.16 24252.1
150900 54.3878 1.11077 -311.341 -310.23 24252.1
151000 53.1519 1.08553 -311.249 -310.164 24252.1
151100 58.428 1.19328 -311.207 -310.014 24252.1
151200 58.1678 1.18797 -311.126 -309.938 24252.1
151300 54.8608 1.12043 -311.235 -310.114 24252.1
151400 51.5168 1.05213 -311.356 -310.304 24252.1
151500 51.4705 1.05119 -311.366 -310.314 24252.1
151600 54.1935 1.1068 -311.283 -310.177 24252.1
151700 55.8033 1.13968 -311.223 -310.083 24252.1
151800 56.9775 1.16366 -311.22 -310.056 24252.1
151900 52.7262 1.07683 -311.261 -310.184 24252.1
152000 51.4899 1.05158 -311.28 -310.228 24252.1
152100 53.299 1.08853 -311.324 -310.236 24252.1
152200 52.8771 1.07992 -311.317 -310.237 24252.1
152300 51.5004 1.0518 -311.401 -310.349 24252.1
152400 52.8997 1.08038 -311.595 -310.515 24252.1
152500 48.3206 0.986857 -311.585 -310.598 24252.1
152600 47.2487 0.964966 -311.486 -310.522 24252.1
152700 48.601 0.992584 -311.38 -310.388 24252.1
152800 49.5764 1.0125 -311.297 -310.285 24252.1
152900 51.4433 1.05063 -311.254 -310.203 24252.1
153000 52.9548 1.0815 -311.263 -310.181 24252.1
153100 52.1418 1.0649 -311.371 -310.306 24252.1
153200 48.5044 0.990611 -311.402 -310.411 24252.1
153300 48.5294 0.991121 -311.441 -310.449 24252.1
153400 47.0402 0.960707 -311.376 -310.416 24252.1
153500 52.0371 1.06276 -311.367 -310.304 24252.1
153600 52.4589 1.07137 -311.432 -310.36 24252.1
153700 48.6892 0.994386 -311.551 -310.556 24252.1
153800 46.51 0.949879 -311.577 -310.627 24252.1
153900 45.1589 0.922285 -311.427 -310.505 24252.1
154000 49.0794 1.00235 -311.394 -310.392 24252.1
154100 50.6902 1.03525 -311.424 -310.389 24252.1
154200 47.0231 0.960357 -311.497 -310.537 24252.1
154300 45.8503 0.936406 -311.544 -310.608 24252.1
154400 46.6713 0.953174 -311.603 -310.65 24252.1
154500 45.1565 0.922236 -311.596 -310.673 24252.1
154600 42.8384 0.874892 -311.552 -310.678 24252.1
154700 42.0986 0.859784 -311.59 -310.73 24252.1
154800 43.1689 0.881643 -311.547 -310.665 24252.1
154900 45.7752 0.934872 -311.464 -310.529 24252.1
155000 45.8459 0.936315 -311.447 -310.511 24252.1
155100 43.7815 0.894153 -311.437 -310.543 24252.1
155200 41.4593 0.846728 -311.433 -310.587 24252.1
155300 38.7679 0.79176 -311.489 -310.697 24252.1
155400 38.7607 0.791613 -311.526 -310.735 24252.1
155500 41.2238 0.841918 -311.442 -310.6 24252.1
155600 41.4235 0.845997 -311.357 -310.511 24252.1
155700 44.2802 0.904339 -311.372 -310.467 24252.1
155800 44.9379 0.917771 -311.492 -310.574 24252.1
155900 43.3255 0.884842 -311.635 -310.751 24252.1
156000 40.0336 0.817611 -311.662 -310.845 24252.1
156100 37.981 0.77569 -311.627 -310.852 24252.1
156200 41.7659 0.852989 -311.594 -310.741 24252.1
156300 42.4699 0.867368 -311.575 -310.707 24252.1
156400 42.6898 0.871858 -311.667 -310.795 24252.1
156500 39.4788 0.80628 -311.682 -310.876 24252.1
156600 37.8256 0.772517 -311.668 -310.896 24252.1
156700 41.7924 0.853531 -311.708 -310.855 24252.1
156800 40.9886 0.837115 -311.722 -310.885 24252.1
156900 37.1445 0.758607 -311.745 -310.986 24252.1
157000 36.1773 0.738854 -311.693 -310.954 24252.1
157100 38.1131 0.778389 -311.562 -310.784 24252.1
157200 38.6614 0.789585 -311.521 -310.731 24252.1
157300 38.7591 0.791581 -311.524 -310.733 24252.1
157400 37.907 0.774178 -311.53 -310.756 24252.1
157500 35.8406 0.731975 -311.462 -310.73 24252.1
157600 36.6248 0.747991 -311.475 -310.727 24252.1
157700 38.0833 0.77778 -311.529 -310.752 24252.1
157800 35.0326 0.715475 -311.504 -310.788 24252.1
157900 31.6238 0.645857 -311.533 -310.887 24252.1
158000 33.3434 0.680976 -311.555 -310.874 24252.1
158100 35.5359 0.725753 -311.555 -310.829 24252.1
158200 36.7668 0.750892 -311.639 -310.888 24252.1
158300 35.8112 0.731376 -311.729 -310.998 24252.1
158400 32.9323 0.672579 -311.737 -311.064 24252.1
158500 32.9548 0.673039 -311.736 -311.063 24252.1
158600 36.0651 0.73656 -311.764 -311.027 24252.1
158700 36.0108 0.735452 -311.861 -311.125 24252.1
158800 33.2426 0.678917 -311.931 -311.252 24252.1
158900 30.5822 0.624583 -311.874 -311.249 24252.1
159000 30.0373 0.613454 -311.718 -311.104 24252.1
159100 33.4666 0.683492 -311.695 -311.012 24252.1
159200 32.983 0.673615 -311.649 -310.976 24252.1
159300 31.5827 0.645016 -311.687 -311.042 24252.1
159400 31.6522 0.646436 -311.805 -311.158 24252.1
159500 30.6043 0.625035 -311.782 -311.157 24252.1
159600 29.3078 0.598555 -311.748 -311.15 24252.1
159700 29.9855 0.612397 -311.711 -311.098 24252.1
159800 32.3054 0.659777 -311.667 -311.007 24252.1
159900 32.1257 0.656106 -311.617 -310.961 24252.1
160000 32.2114 0.657857 -311.655 -310.997 24252.1
160100 30.6213 0.625382 -311.71 -311.085 24252.1
160200 30.4941 0.622784 -311.802 -311.18 24252.1
160300 29.1812 0.59597 -311.847 -311.251 24252.1
160400 27.7839 0.567433 -311.915 -311.347 24252.1
160500 28.0758 0.573395 -311.989 -311.416 24252.1
160600 25.6266 0.523375 -311.989 -311.466 24252.1
160700 26.7456 0.546229 -311.941 -311.395 24252.1
160800 29.7825 0.608251 -311.924 -311.316 24252.1
160900 28.5808 0.583709 -311.906 -311.322 24252.1
161000 26.9399 0.550197 -311.974 -311.424 24252.1
161100 26.0169 0.531347 -311.992 -311.46 24252.1
161200 25.5767 0.522356 -311.967 -311.444 24252.1
161300 26.1285 0.533626 -311.945 -311.412 24252.1
161400 26.3557 0.538266 -311.831 -311.293 24252.1
161500 26.5547 0.54233 -311.787 -311.244 24252.1
161600 25.7821 0.526551 -311.795 -311.268 24252.1
161700 24.7506 0.505485 -311.857 -311.352 24252.1
161800 23.4298 0.478508 -311.855 -311.377 24252.1
161900 23.2764 0.475376 -311.837 -311.361 24252.1
162000 24.4662 0.499675 -311.803 -311.303 24252.1
162100 24.8538 0.507592 -311.735 -311.228 24252.1
162200 25.8508 0.527953 -311.719 -311.192 24252.1
162300 25.2301 0.515276 -311.784 -311.269 24252.1
162400 25.0268 0.511124 -311.864 -311.353 24252.1
162500 24.3023 0.496327 -311.94 -311.444 24252.1
162600 23.0209 0.470158 -312.032 -311.562 24252.1
162700 20.7349 0.423472 -312.097 -311.674 24252.1
162800 19.7658 0.403678 -312.127 -311.724 24252.1
162900 21.3963 0.43698 -312.14 -311.703 24252.1
163000 22.103 0.451412 -312.089 -311.637 24252.1
163100 19.7629 0.403619 -312.057 -311.653 24252.1
163200 19.8769 0.405949 -312.064 -311.659 24252.1
163300 19.8776 0.405961 -312.078 -311.672 24252.1
163400 19.9354 0.407142 -312.11 -311.703 24252.1
163500 19.5455 0.39918 -312.099 -311.7 24252.1
163600 18.117 0.370005 -312.058 -311.688 24252.1
163700 17.6733 0.360944 -311.992 -311.631 24252.1
163800 20.1378 0.411276 -311.967 -311.556 24252.1
163900 20.1427 0.411377 -311.89 -311.479 24252.1
164000 17.4587 0.356561 -311.89 -311.534 24252.1
164100 16.2901 0.332695 -311.878 -311.545 24252.1
164200 18.643 0.380749 -311.892 -311.512 24252.1
164300 19.849 0.405378 -311.931 -311.526 24252.1
164400 17.8987 0.365547 -311.938 -311.572 24252.1
164500 15.3005 0.312483 -311.931 -311.619 24252.1
164600 15.3391 0.313273 -311.933 -311.62 24252.1
164700 18.7258 0.382439 -312.023 -311.641 24252.1
164800 17.4976 0.357355 -312.111 -311.753 24252.1
164900 15.5036 0.316633 -312.125 -311.808 24252.1
165000 14.4534 0.295184 -312.137 -311.842 24252.1
165100 15.15 0.309411 -312.186 -311.877 24252.1
165200 15.4165 0.314852 -312.24 -311.925 24252.1
165300 14.1127 0.288225 -312.246 -311.958 24252.1
165400 13.2545 0.270699 -312.226 -311.956 24252.1
165500 12.2967 0.251136 -312.179 -311.928 24252.1
165600 13.046 0.26644 -312.15 -311.884 24252.1
165700 13.7429 0.280673 -312.1 -311.82 24252.1
165800 12.9362 0.264197 -312.107 -311.842 24252.1
165900 12.426 0.253778 -312.137 -311.884 24252.1
166000 12.6341 0.258028 -312.158 -311.9 24252.1
166100 12.4951 0.255189 -312.123 -311.868 24252.1
166200 11.8085 0.241167 -312.101 -311.86 24252.1
166300 11.0314 0.225296 -312.036 -311.811 24252.1
166400 11.4226 0.233286 -312.047 -311.813 24252.1
166500 10.8359 0.221303 -312.111 -311.89 24252.1
166600 11.0378 0.225426 -312.143 -311.918 24252.1
166700 10.5082 0.214609 -312.192 -311.977 24252.1
166800 9.9537 0.203285 -312.21 -312.006 24252.1
166900 9.35543 0.191067 -312.254 -312.063 24252.1
167000 9.04192 0.184664 -312.261 -312.077 24252.1
167100 9.3593 0.191146 -312.275 -312.084 24252.1
167200 9.29611 0.189855 -312.298 -312.108 24252.1
167300 8.79721 0.179666 -312.3 -312.12 24252.1
167400 7.55903 0.154379 -312.291 -312.136 24252.1
167500 7.06598 0.144309 -312.285 -312.141 24252.1
167600 8.08689 0.165159 -312.297 -312.132 24252.1
167700 8.8035 0.179795 -312.347 -312.167 24252.1
167800 8.54131 0.17444 -312.395 -312.221 24252.1
167900 6.46216 0.131977 -312.391 -312.259 24252.1
168000 5.96695 0.121864 -312.398 -312.276 24252.1
168100 5.19564 0.106111 -312.354 -312.247 24252.1
168200 6.20273 0.126679 -312.357 -312.23 24252.1
168300 5.26922 0.107614 -312.355 -312.247 24252.1
168400 4.5934 0.0938116 -312.232 -312.138 24252.1
168500 4.94646 0.101022 -312.236 -312.135 24252.1
168600 4.41472 0.0901623 -312.23 -312.14 24252.1
168700 4.64953 0.0949577 -312.208 -312.113 24252.1
168800 4.16608 0.0850843 -312.215 -312.13 24252.1
168900 4.36109 0.0890669 -312.247 -312.158 24252.1
169000 3.95617 0.0807972 -312.322 -312.241 24252.1
169100 3.42157 0.0698791 -312.335 -312.265 24252.1
169200 3.1032 0.0633769 -312.35 -312.287 24252.1
169300 2.63905 0.0538976 -312.36 -312.306 24252.1
169400 2.31222 0.0472226 -312.369 -312.322 24252.1
169500 2.04655 0.041797 -312.379 -312.337 24252.1
169600 1.84474 0.0376753 -312.391 -312.353 24252.1
169700 1.52955 0.0312382 -312.4 -312.368 24252.1
169800 1.47669 0.0301585 -312.423 -312.393 24252.1
169900 1.40787 0.0287531 -312.447 -312.418 24252.1
170000 0.979278 0.0199999 -312.469 -312.449 24252.1
