# Time-averaged data for fix info
# TimeStep v_temp v_ke v_pe v_etotal v_vol
100 130.803 0.0845379 -7.44422 -7.35969 864.893
200 164.52 0.106329 -7.52352 -7.41719 864.893
300 88.1559 0.0569752 -7.53877 -7.48179 864.893
400 136.131 0.0879818 -7.59327 -7.50529 864.893
500 76.3261 0.0493296 -7.5873 -7.53797 864.893
600 89.1267 0.0576027 -7.60056 -7.54296 864.893
700 94.7193 0.0612171 -7.59145 -7.53023 864.893
800 136.845 0.088443 -7.56703 -7.47858 864.893
900 123.009 0.0795009 -7.54178 -7.46228 864.893
1000 116.521 0.0753073 -7.58569 -7.51039 864.893
1100 96.0607 0.0620841 -7.60525 -7.54317 864.893
1200 72.0989 0.0465976 -7.59162 -7.54502 864.893
1300 79.0524 0.0510916 -7.57422 -7.52313 864.893
1400 99.3468 0.0642079 -7.54986 -7.48566 864.893
1500 121.062 0.0782424 -7.55881 -7.48057 864.893
1600 120.729 0.0780271 -7.57978 -7.50175 864.893
1700 89.2015 0.057651 -7.59086 -7.53321 864.893
1800 81.0948 0.0524116 -7.59688 -7.54447 864.893
1900 95.2636 0.0615689 -7.58818 -7.52661 864.893
2000 137.178 0.088658 -7.5284 -7.43975 864.893
2100 138.186 0.0893098 -7.54593 -7.45662 864.893
2200 88.9862 0.0575119 -7.5687 -7.51119 864.893
2300 85.5734 0.0553061 -7.58852 -7.53322 864.893
2400 100.524 0.0649688 -7.5992 -7.53423 864.893
2500 82.0953 0.0530582 -7.57739 -7.52433 864.893
2600 149.674 0.0967343 -7.57773 -7.48099 864.893
2700 101.569 0.0656441 -7.54467 -7.47902 864.893
2800 76.3814 0.0493654 -7.56505 -7.51569 864.893
2900 78.7564 0.0509003 -7.59851 -7.54761 864.893
3000 65.4497 0.0423002 -7.60029 -7.55799 864.893
3100 104.017 0.0672261 -7.57682 -7.50959 864.893
3200 145.133 0.0937998 -7.55655 -7.46275 864.893
3300 104.447 0.0675041 -7.55097 -7.48347 864.893
3400 95.263 0.0615686 -7.59113 -7.52956 864.893
3500 60.7264 0.0392475 -7.58823 -7.54898 864.893
3600 76.6356 0.0495297 -7.58202 -7.53249 864.893
3700 109.866 0.0710065 -7.58031 -7.50931 864.893
3800 111.613 0.0721355 -7.58875 -7.51661 864.893
3900 87.1192 0.0563052 -7.58456 -7.52825 864.893
4000 83.7219 0.0541095 -7.57285 -7.51874 864.893
4100 177.555 0.114754 -7.57343 -7.45868 864.893
4200 127.974 0.0827095 -7.56174 -7.47903 864.893
4300 104.433 0.067495 -7.58234 -7.51484 864.893
4400 101.502 0.0656011 -7.60095 -7.53535 864.893
4500 64.8586 0.0419182 -7.58639 -7.54447 864.893
4600 100.169 0.0647395 -7.5736 -7.50886 864.893
4700 172.333 0.111379 -7.56814 -7.45677 864.893
4800 121.84 0.0787452 -7.57096 -7.49222 864.893
4900 86.9431 0.0561914 -7.57941 -7.52321 864.893
5000 87.1165 0.0563034 -7.58404 -7.52774 864.893
5100 99.7058 0.0644399 -7.57484 -7.5104 864.893
5200 150.556 0.0973046 -7.55309 -7.45578 864.893
5300 127.165 0.0821871 -7.5452 -7.46301 864.893
5400 87.5972 0.0566141 -7.57891 -7.52229 864.893
5500 95.6484 0.0618177 -7.60074 -7.53892 864.893
5600 76.9153 0.0497104 -7.58743 -7.53772 864.893
5700 95.8215 0.0619295 -7.57251 -7.51058 864.893
5800 108.586 0.0701789 -7.5274 -7.45722 864.893
5900 145.33 0.0939267 -7.54029 -7.44636 864.893
6000 125.862 0.0813447 -7.55936 -7.47802 864.893
6100 100.698 0.0650813 -7.57021 -7.50513 864.893
6200 77.0064 0.0497693 -7.57404 -7.52427 864.893
6300 85.9096 0.0555235 -7.58597 -7.53045 864.893
6400 99.7499 0.0644684 -7.58796 -7.52349 864.893
6500 91.0217 0.0588274 -7.56563 -7.5068 864.893
6600 127.564 0.0824444 -7.56312 -7.48067 864.893
6700 113.945 0.073643 -7.56564 -7.492 864.893
6800 79.4177 0.0513277 -7.59014 -7.53881 864.893
6900 85.5161 0.0552691 -7.60884 -7.55357 864.893
7000 65.7324 0.0424829 -7.59154 -7.54906 864.893
7100 112.577 0.0727586 -7.59611 -7.52335 864.893
7200 100.753 0.0651165 -7.57876 -7.51365 864.893
7300 95.755 0.0618865 -7.58167 -7.51978 864.893
7400 105.572 0.0682316 -7.59977 -7.53154 864.893
7500 67.9518 0.0439173 -7.59132 -7.54741 864.893
7600 74.0299 0.0478456 -7.58893 -7.54108 864.893
7700 145.509 0.0940428 -7.5862 -7.49215 864.893
7800 132.618 0.0857114 -7.58447 -7.49876 864.893
7900 77.8786 0.050333 -7.60142 -7.55108 864.893
8000 74.0283 0.0478445 -7.60301 -7.55517 864.893
8100 88.9857 0.0575115 -7.59702 -7.53951 864.893
8200 96.7455 0.0625267 -7.57846 -7.51593 864.893
8300 132.074 0.0853595 -7.55049 -7.46513 864.893
8400 190.175 0.12291 -7.53039 -7.40748 864.893
8500 99.9123 0.0645734 -7.52172 -7.45715 864.893
8600 117.946 0.0762284 -7.59477 -7.51854 864.893
8700 75.5117 0.0488033 -7.59257 -7.54377 864.893
8800 74.2053 0.047959 -7.58418 -7.53623 864.893
8900 129.246 0.0835321 -7.57787 -7.49433 864.893
9000 108.953 0.0704161 -7.55882 -7.48841 864.893
9100 78.1146 0.0504855 -7.57877 -7.52829 864.893
9200 56.2423 0.0363495 -7.59969 -7.56334 864.893
9300 72.876 0.0470998 -7.60206 -7.55496 864.893
9400 96.7734 0.0625447 -7.59079 -7.52824 864.893
9500 123.405 0.0797569 -7.58859 -7.50883 864.893
9600 81.5128 0.0526818 -7.58303 -7.53035 864.893
9700 50.4283 0.0325919 -7.60221 -7.56962 864.893
9800 54.1965 0.0350272 -7.6054 -7.57037 864.893
9900 83.5468 0.0539963 -7.59912 -7.54512 864.893
10000 74.4033 0.0480869 -7.57364 -7.52555 864.893
10100 78.7474 0.0508945 -7.55779 -7.5069 864.893
10200 134.544 0.086956 -7.5707 -7.48375 864.893
10300 118.38 0.076509 -7.57792 -7.50141 864.893
10400 94.6807 0.0611922 -7.58277 -7.52158 864.893
10500 88.8012 0.0573923 -7.58387 -7.52648 864.893
10600 80.0052 0.0517074 -7.57789 -7.52618 864.893
10700 116.375 0.0752133 -7.56709 -7.49188 864.893
10800 153.507 0.0992119 -7.54999 -7.45078 864.893
10900 104.149 0.0673116 -7.57086 -7.50355 864.893
11000 97.3983 0.0629486 -7.59642 -7.53347 864.893
11100 73.3809 0.0474261 -7.59132 -7.54389 864.893
11200 107.012 0.0691619 -7.59669 -7.52753 864.893
11300 118.69 0.0767092 -7.5707 -7.49399 864.893
11400 93.5425 0.0604566 -7.54532 -7.48486 864.893
11500 145.708 0.0941709 -7.57301 -7.47884 864.893
11600 69.0136 0.0446035 -7.57048 -7.52588 864.893
11700 87.7088 0.0566863 -7.5956 -7.53891 864.893
11800 72.194 0.046659 -7.58549 -7.53883 864.893
11900 119.648 0.0773283 -7.56911 -7.49178 864.893
12000 146.271 0.0945348 -7.55262 -7.45808 864.893
12100 117.343 0.0758392 -7.57852 -7.50268 864.893
12200 82.8627 0.0535542 -7.58189 -7.52834 864.893
12300 90.0794 0.0582184 -7.59472 -7.5365 864.893
12400 76.6851 0.0495617 -7.59441 -7.54485 864.893
12500 86.7904 0.0560927 -7.58571 -7.52962 864.893
12600 118.168 0.076372 -7.55509 -7.47872 864.893
12700 123.674 0.0799308 -7.53631 -7.45637 864.893
12800 102.75 0.0664071 -7.55371 -7.4873 864.893
12900 100.798 0.0651456 -7.58967 -7.52452 864.893
13000 72.9981 0.0471787 -7.58203 -7.53485 864.893
13100 90.4705 0.0584711 -7.58229 -7.52382 864.893
13200 121.902 0.078785 -7.59485 -7.51607 864.893
13300 74.9686 0.0484522 -7.59844 -7.54999 864.893
13400 54.2241 0.0350451 -7.6131 -7.57806 864.893
13500 43.1071 0.0278601 -7.59814 -7.57028 864.893
13600 78.3769 0.050655 -7.59509 -7.54444 864.893
13700 90.3641 0.0584024 -7.58486 -7.52646 864.893
13800 96.2503 0.0622066 -7.56673 -7.50453 864.893
13900 119.515 0.0772428 -7.55899 -7.48175 864.893
14000 104.439 0.0674993 -7.57131 -7.50381 864.893
14100 66.3172 0.0428608 -7.5972 -7.55434 864.893
14200 63.0518 0.0407504 -7.59758 -7.55683 864.893
14300 88.1263 0.0569561 -7.58594 -7.52898 864.893
14400 95.0557 0.0614345 -7.56027 -7.49884 864.893
14500 112.866 0.0729452 -7.56797 -7.49502 864.893
14600 109.108 0.0705165 -7.5748 -7.50428 864.893
14700 103.391 0.0668217 -7.6 -7.53317 864.893
14800 55.9746 0.0361765 -7.5869 -7.55072 864.893
14900 81.3421 0.0525715 -7.59194 -7.53937 864.893
15000 85.9919 0.0555766 -7.58502 -7.52944 864.893
15100 98.6269 0.0637427 -7.58639 -7.52264 864.893
15200 93.8082 0.0606283 -7.57823 -7.5176 864.893
15300 103.782 0.0670741 -7.57766 -7.51059 864.893
15400 93.1443 0.0601992 -7.56392 -7.50372 864.893
15500 108.565 0.0701658 -7.57754 -7.50737 864.893
15600 87.3122 0.0564299 -7.59549 -7.53906 864.893
15700 59.5796 0.0385064 -7.60664 -7.56814 864.893
15800 62.7728 0.0405701 -7.60057 -7.56 864.893
15900 89.1114 0.0575928 -7.57421 -7.51662 864.893
16000 100.068 0.0646742 -7.56874 -7.50406 864.893
16100 91.5919 0.0591959 -7.57069 -7.5115 864.893
16200 82.3248 0.0532066 -7.58399 -7.53078 864.893
16300 67.8014 0.0438201 -7.59394 -7.55012 864.893
16400 56.132 0.0362781 -7.59634 -7.56006 864.893
16500 73.6743 0.0476157 -7.58825 -7.54063 864.893
16600 112.617 0.0727843 -7.57026 -7.49747 864.893
16700 107.89 0.0697296 -7.55429 -7.48456 864.893
16800 91.6022 0.0592026 -7.56999 -7.51079 864.893
16900 71.7562 0.0463761 -7.59537 -7.549 864.893
17000 59.8484 0.0386801 -7.60052 -7.56184 864.893
17100 66.1364 0.042744 -7.59651 -7.55377 864.893
17200 75.1403 0.0485632 -7.58617 -7.5376 864.893
17300 100.641 0.0650445 -7.57434 -7.50929 864.893
17400 120.503 0.0778813 -7.5737 -7.49582 864.893
17500 81.5219 0.0526877 -7.58917 -7.53648 864.893
17600 59.3537 0.0383603 -7.6034 -7.56504 864.893
17700 53.9511 0.0348686 -7.59238 -7.55751 864.893
17800 71.4192 0.0461583 -7.57996 -7.5338 864.893
17900 101.405 0.065538 -7.58223 -7.5167 864.893
18000 95.6011 0.0617871 -7.58014 -7.51836 864.893
18100 81.365 0.0525862 -7.58714 -7.53455 864.893
18200 51.1451 0.0330551 -7.5964 -7.56334 864.893
18300 54.9818 0.0355348 -7.60923 -7.57369 864.893
18400 70.8038 0.0457605 -7.59106 -7.5453 864.893
18500 103.768 0.0670653 -7.57275 -7.50569 864.893
18600 107.553 0.0695114 -7.57747 -7.50796 864.893
18700 84.998 0.0549343 -7.59106 -7.53612 864.893
18800 65.9737 0.0426388 -7.6018 -7.55916 864.893
18900 62.6362 0.0404818 -7.59884 -7.55836 864.893
19000 108.888 0.0703742 -7.57643 -7.50605 864.893
19100 114.528 0.0740197 -7.5671 -7.49308 864.893
19200 88.4562 0.0571693 -7.58345 -7.52628 864.893
19300 73.3868 0.04743 -7.59465 -7.54722 864.893
19400 72.2804 0.0467149 -7.59106 -7.54434 864.893
19500 123.335 0.0797112 -7.56561 -7.4859 864.893
19600 132.406 0.0855738 -7.56798 -7.48241 864.893
19700 83.4162 0.053912 -7.58203 -7.52812 864.893
19800 74.5337 0.0481712 -7.59175 -7.54357 864.893
19900 81.0199 0.0523632 -7.58824 -7.53587 864.893
20000 103.428 0.0668459 -7.55175 -7.48491 864.893
20100 157.565 0.101834 -7.562 -7.46017 864.893
20200 106.24 0.0686629 -7.57857 -7.50991 864.893
20300 79.6075 0.0514504 -7.59311 -7.54166 864.893
20400 73.9513 0.0477948 -7.5948 -7.547 864.893
20500 75.4977 0.0487942 -7.57352 -7.52473 864.893
20600 129.974 0.0840024 -7.55566 -7.47166 864.893
20700 120.733 0.0780298 -7.5633 -7.48527 864.893
20800 80.3675 0.0519416 -7.57503 -7.52309 864.893
20900 74.8754 0.0483921 -7.58075 -7.53236 864.893
21000 89.2516 0.0576834 -7.58306 -7.52537 864.893
21100 113.494 0.0733514 -7.56495 -7.49159 864.893
21200 132.854 0.0858635 -7.53083 -7.44497 864.893
21300 119.56 0.077272 -7.563 -7.48573 864.893
21400 75.1695 0.0485821 -7.5808 -7.53222 864.893
21500 83.3628 0.0538774 -7.5893 -7.53542 864.893
21600 89.2651 0.0576921 -7.58637 -7.52867 864.893
21700 102.792 0.0664344 -7.5755 -7.50907 864.893
21800 122.978 0.0794808 -7.55846 -7.47898 864.893
21900 112.98 0.0730189 -7.55885 -7.48583 864.893
22000 79.3981 0.0513151 -7.58832 -7.537 864.893
22100 68.302 0.0441436 -7.59804 -7.55389 864.893
22200 70.7384 0.0457183 -7.58973 -7.54401 864.893
22300 97.2606 0.0628596 -7.5716 -7.50874 864.893
22400 148.951 0.096267 -7.56544 -7.46917 864.893
22500 79.1655 0.0511648 -7.5774 -7.52623 864.893
22600 67.1902 0.0434251 -7.60135 -7.55793 864.893
22700 72.531 0.0468769 -7.59795 -7.55107 864.893
22800 91.6816 0.0592539 -7.57969 -7.52043 864.893
22900 116.623 0.0753733 -7.56924 -7.49387 864.893
23000 95.2194 0.0615404 -7.58022 -7.51868 864.893
23100 64.128 0.041446 -7.60072 -7.55928 864.893
23200 63.661 0.0411442 -7.6018 -7.56066 864.893
23300 65.906 0.0425951 -7.58568 -7.54308 864.893
23400 91.0888 0.0588708 -7.57692 -7.51805 864.893
23500 101.865 0.0658356 -7.57708 -7.51124 864.893
23600 92.0233 0.0594747 -7.58243 -7.52295 864.893
23700 81.9667 0.0529751 -7.5867 -7.53372 864.893
23800 81.2623 0.0525199 -7.58669 -7.53417 864.893
23900 85.9177 0.0555286 -7.5861 -7.53057 864.893
24000 89.2959 0.057712 -7.58739 -7.52968 864.893
24100 77.6163 0.0501634 -7.58559 -7.53543 864.893
24200 74.8414 0.04837 -7.58784 -7.53947 864.893
24300 82.2798 0.0531775 -7.58756 -7.53438 864.893
24400 97.9876 0.0633294 -7.57871 -7.51538 864.893
24500 104.06 0.0672539 -7.56714 -7.49989 864.893
24600 92.9908 0.0601 -7.57783 -7.51773 864.893
24700 67.8009 0.0438198 -7.5983 -7.55448 864.893
24800 48.639 0.0314354 -7.59572 -7.56428 864.893
24900 78.2342 0.0505628 -7.58845 -7.53789 864.893
25000 98.458 0.0636335 -7.577 -7.51337 864.893
25100 93.1792 0.0602218 -7.58242 -7.5222 864.893
25200 67.5114 0.0436327 -7.58154 -7.53791 864.893
25300 79.6348 0.051468 -7.58901 -7.53754 864.893
25400 94.0637 0.0607934 -7.57194 -7.51115 864.893
25500 136.42 0.0881683 -7.56652 -7.47835 864.893
25600 92.0193 0.0594721 -7.5725 -7.51302 864.893
25700 77.0085 0.0497706 -7.59891 -7.54914 864.893
25800 68.6802 0.0443881 -7.59703 -7.55265 864.893
25900 68.4658 0.0442495 -7.58437 -7.54012 864.893
26000 100.13 0.0647139 -7.57929 -7.51458 864.893
26100 97.4427 0.0629773 -7.57184 -7.50887 864.893
26200 73.0433 0.0472079 -7.59351 -7.54631 864.893
26300 37.8326 0.0244513 -7.6053 -7.58085 864.893
26400 61.2757 0.0396025 -7.60425 -7.56464 864.893
26500 85.4579 0.0552315 -7.58534 -7.53011 864.893
26600 100.401 0.0648895 -7.57681 -7.51192 864.893
26700 84.4397 0.0545734 -7.5729 -7.51833 864.893
26800 72.1026 0.0465999 -7.5931 -7.5465 864.893
26900 50.5047 0.0326412 -7.60941 -7.57677 864.893
27000 42.2535 0.0273085 -7.60124 -7.57393 864.893
27100 69.216 0.0447343 -7.59148 -7.54675 864.893
27200 78.0927 0.0504714 -7.58132 -7.53085 864.893
27300 93.206 0.0602391 -7.57777 -7.51753 864.893
27400 101.611 0.0656714 -7.57407 -7.5084 864.893
27500 87.526 0.0565681 -7.5785 -7.52193 864.893
27600 58.9857 0.0381225 -7.59492 -7.5568 864.893
27700 59.0696 0.0381768 -7.60422 -7.56605 864.893
27800 78.9794 0.0510445 -7.59121 -7.54017 864.893
27900 111.064 0.071781 -7.56885 -7.49707 864.893
28000 99.2666 0.0641561 -7.57221 -7.50805 864.893
28100 79.7849 0.0515651 -7.58659 -7.53503 864.893
28200 63.8714 0.0412802 -7.5951 -7.55382 864.893
28300 73.801 0.0476976 -7.59497 -7.54727 864.893
28400 119.354 0.0771386 -7.5672 -7.49007 864.893
28500 110.312 0.0712948 -7.55664 -7.48534 864.893
28600 83.7163 0.0541059 -7.58271 -7.52861 864.893
28700 71.444 0.0461743 -7.59272 -7.54655 864.893
28800 73.2297 0.0473284 -7.59078 -7.54345 864.893
28900 75.3644 0.0487081 -7.57875 -7.53005 864.893
29000 113.299 0.073225 -7.55081 -7.47758 864.893
29100 148.195 0.0957785 -7.52777 -7.43199 864.893
29200 111.856 0.0722925 -7.56025 -7.48795 864.893
29300 85.8157 0.0554628 -7.58509 -7.52963 864.893
29400 66.5357 0.043002 -7.59243 -7.54943 864.893
29500 72.8743 0.0470987 -7.59601 -7.54891 864.893
29600 95.9783 0.0620308 -7.57742 -7.51539 864.893
29700 126.615 0.0818311 -7.5548 -7.47297 864.893
29800 105.837 0.0684025 -7.57547 -7.50707 864.893
29900 79.0378 0.0510822 -7.58942 -7.53834 864.893
30000 78.518 0.0507463 -7.59051 -7.53976 864.893
30100 83.735 0.054118 -7.5854 -7.53128 864.893
30200 101.78 0.0657802 -7.57201 -7.50623 864.893
30300 120.498 0.0778781 -7.54694 -7.46906 864.893
30400 111.26 0.0719075 -7.56734 -7.49543 864.893
30500 65.0991 0.0420736 -7.58851 -7.54643 864.893
30600 72.6208 0.0469349 -7.59488 -7.54795 864.893
30700 85.1528 0.0550343 -7.58697 -7.53194 864.893
30800 111.719 0.072204 -7.56787 -7.49566 864.893
30900 119.921 0.0775049 -7.55133 -7.47383 864.893
31000 90.639 0.0585801 -7.58453 -7.52595 864.893
31100 66.6187 0.0430557 -7.60264 -7.55958 864.893
31200 55.5721 0.0359163 -7.59505 -7.55914 864.893
31300 74.2458 0.0479851 -7.57701 -7.52903 864.893
31400 102.957 0.0665412 -7.56806 -7.50152 864.893
31500 94.7944 0.0612657 -7.57489 -7.51363 864.893
31600 79.241 0.0512135 -7.59021 -7.53899 864.893
31700 64.0261 0.0413801 -7.59533 -7.55395 864.893
31800 77.9753 0.0503955 -7.59267 -7.54227 864.893
31900 112.579 0.07276 -7.55855 -7.48579 864.893
32000 118.379 0.0765082 -7.56325 -7.48674 864.893
32100 81.9831 0.0529857 -7.58738 -7.5344 864.893
32200 65.6248 0.0424133 -7.59611 -7.55369 864.893
32300 70.03 0.0452604 -7.5942 -7.54894 864.893
32400 99.9391 0.0645907 -7.57422 -7.50963 864.893
32500 137.168 0.0886515 -7.55059 -7.46194 864.893
32600 106.467 0.06881 -7.56073 -7.49192 864.893
32700 93.1554 0.0602064 -7.57878 -7.51858 864.893
32800 77.5555 0.0501242 -7.5902 -7.54008 864.893
32900 66.5441 0.0430075 -7.59767 -7.55466 864.893
33000 62.2676 0.0402436 -7.59911 -7.55886 864.893
33100 76.0483 0.0491501 -7.5862 -7.53705 864.893
33200 106.475 0.0688149 -7.56699 -7.49817 864.893
33300 100.067 0.0646734 -7.57113 -7.50646 864.893
33400 71.9766 0.0465185 -7.59313 -7.54662 864.893
33500 64.0977 0.0414264 -7.60253 -7.5611 864.893
33600 60.2625 0.0389477 -7.59362 -7.55467 864.893
33700 78.0961 0.0504736 -7.58944 -7.53897 864.893
33800 86.2476 0.0557419 -7.58224 -7.5265 864.893
33900 87.9973 0.0568727 -7.58233 -7.52546 864.893
34000 66.5894 0.0430368 -7.59791 -7.55487 864.893
34100 46.6273 0.0301353 -7.61183 -7.58169 864.893
34200 52.9344 0.0342115 -7.60708 -7.57286 864.893
34300 76.5725 0.0494889 -7.58959 -7.5401 864.893
34400 89.0418 0.0575478 -7.5802 -7.52266 864.893
34500 87.2074 0.0563622 -7.5819 -7.52554 864.893
34600 71.0047 0.0458904 -7.59381 -7.54792 864.893
34700 47.7214 0.0308424 -7.61103 -7.58018 864.893
34800 44.4535 0.0287303 -7.61295 -7.58422 864.893
34900 59.032 0.0381525 -7.60222 -7.56407 864.893
35000 71.6653 0.0463173 -7.59434 -7.54802 864.893
35100 80.914 0.0522948 -7.58725 -7.53495 864.893
35200 90.8325 0.0587051 -7.57842 -7.51971 864.893
35300 96.1683 0.0621536 -7.57547 -7.51332 864.893
35400 79.4004 0.0513165 -7.58729 -7.53597 864.893
35500 56.7968 0.0367078 -7.60355 -7.56684 864.893
35600 56.0544 0.036228 -7.60688 -7.57066 864.893
35700 77.5111 0.0500955 -7.58787 -7.53777 864.893
35800 103.208 0.0667034 -7.57103 -7.50433 864.893
35900 91.818 0.059342 -7.57647 -7.51713 864.893
36000 75.381 0.0487188 -7.59141 -7.54269 864.893
36100 60.5487 0.0391327 -7.60036 -7.56123 864.893
36200 55.9424 0.0361556 -7.60408 -7.56792 864.893
36300 70.5092 0.0455701 -7.59769 -7.55212 864.893
36400 88.5145 0.057207 -7.57253 -7.51533 864.893
36500 106.532 0.0688514 -7.56812 -7.49927 864.893
36600 85.3723 0.0551762 -7.5845 -7.52932 864.893
36700 60.3849 0.0390268 -7.60136 -7.56234 864.893
36800 59.4702 0.0384357 -7.60184 -7.56341 864.893
36900 69.3477 0.0448195 -7.59565 -7.55083 864.893
37000 79.5273 0.0513986 -7.58787 -7.53647 864.893
37100 84.6056 0.0546807 -7.58456 -7.52988 864.893
37200 77.3114 0.0499664 -7.58108 -7.53111 864.893
37300 81.9258 0.0529487 -7.58623 -7.53328 864.893
37400 80.4282 0.0519808 -7.58866 -7.53668 864.893
37500 75.3687 0.0487108 -7.5899 -7.54119 864.893
37600 69.0157 0.0446049 -7.59481 -7.5502 864.893
37700 57.9655 0.0374631 -7.60353 -7.56607 864.893
37800 56.0809 0.0362452 -7.60509 -7.56885 864.893
37900 76.3417 0.0493397 -7.59197 -7.54263 864.893
38000 96.4648 0.0623453 -7.5724 -7.51006 864.893
38100 94.8012 0.0612701 -7.57562 -7.51435 864.893
38200 73.3573 0.0474109 -7.59055 -7.54314 864.893
38300 59.2438 0.0382893 -7.60462 -7.56633 864.893
38400 40.9751 0.0264822 -7.61462 -7.58814 864.893
38500 31.4098 0.0203002 -7.6248 -7.6045 864.893
38600 39.3288 0.0254182 -7.61695 -7.59153 864.893
38700 59.3751 0.0383742 -7.60182 -7.56345 864.893
38800 80.1145 0.0517781 -7.58945 -7.53768 864.893
38900 90.04 0.0581929 -7.5766 -7.51841 864.893
39000 93.7172 0.0605695 -7.58029 -7.51972 864.893
39100 60.6234 0.0391809 -7.59455 -7.55537 864.893
39200 53.2573 0.0344203 -7.60939 -7.57497 864.893
39300 58.6498 0.0379054 -7.60395 -7.56604 864.893
39400 77.528 0.0501064 -7.58728 -7.53718 864.893
39500 86.2561 0.0557474 -7.58107 -7.52532 864.893
39600 80.2022 0.0518348 -7.58534 -7.5335 864.893
39700 73.5171 0.0475141 -7.59335 -7.54584 864.893
39800 61.3176 0.0396296 -7.60116 -7.56153 864.893
39900 49.1041 0.031736 -7.60994 -7.57821 864.893
40000 47.1568 0.0304775 -7.6118 -7.58132 864.893
40100 70.0035 0.0452433 -7.59624 -7.551 864.893
40200 90.3426 0.0583885 -7.58023 -7.52185 864.893
40300 87.409 0.0564925 -7.5819 -7.52541 864.893
40400 69.9799 0.0452281 -7.59461 -7.54938 864.893
40500 47.7016 0.0308296 -7.61023 -7.5794 864.893
40600 41.0306 0.0265181 -7.61548 -7.58896 864.893
40700 67.7403 0.0437806 -7.59524 -7.55146 864.893
40800 91.4001 0.0590719 -7.57842 -7.51935 864.893
40900 88.3456 0.0570978 -7.58139 -7.5243 864.893
41000 70.9225 0.0458372 -7.59505 -7.54922 864.893
41100 56.5554 0.0365518 -7.60445 -7.5679 864.893
41200 56.6742 0.0366286 -7.6035 -7.56687 864.893
41300 87.6777 0.0566662 -7.58059 -7.52393 864.893
41400 105.183 0.0679798 -7.56906 -7.50108 864.893
41500 84.8812 0.0548588 -7.58285 -7.52799 864.893
41600 67.425 0.0435768 -7.59686 -7.55328 864.893
41700 64.5856 0.0417417 -7.59816 -7.55642 864.893
41800 69.3069 0.0447931 -7.59475 -7.54996 864.893
41900 74.998 0.0484712 -7.59165 -7.54317 864.893
42000 69.2558 0.0447601 -7.58181 -7.53705 864.893
42100 88.3162 0.0570788 -7.58179 -7.52471 864.893
42200 102.614 0.0663194 -7.57095 -7.50463 864.893
42300 102.134 0.0660092 -7.573 -7.50699 864.893
42400 72.8814 0.0471033 -7.59207 -7.54496 864.893
42500 57.2616 0.0370082 -7.60311 -7.5661 864.893
42600 58.015 0.0374951 -7.59927 -7.56177 864.893
42700 90.9784 0.0587994 -7.57994 -7.52114 864.893
42800 99.6326 0.0643926 -7.56813 -7.50373 864.893
42900 89.0796 0.0575722 -7.58006 -7.52248 864.893
43000 74.6674 0.0482576 -7.59098 -7.54273 864.893
43100 63.73 0.0411888 -7.59549 -7.5543 864.893
43200 70.0271 0.0452586 -7.59764 -7.55238 864.893
43300 86.6104 0.0559763 -7.57562 -7.51964 864.893
43400 114.069 0.0737228 -7.56558 -7.49186 864.893
43500 88.296 0.0570658 -7.58035 -7.52328 864.893
43600 63.9614 0.0413383 -7.59739 -7.55605 864.893
43700 62.9103 0.040659 -7.60035 -7.55969 864.893
43800 71.3027 0.046083 -7.5952 -7.54911 864.893
43900 99.3017 0.0641788 -7.57563 -7.51146 864.893
44000 141.634 0.0915383 -7.5529 -7.46136 864.893
44100 102.759 0.0664134 -7.57272 -7.50631 864.893
44200 77.5528 0.0501224 -7.58397 -7.53384 864.893
44300 71.1625 0.0459924 -7.5964 -7.55041 864.893
44400 56.6078 0.0365856 -7.60005 -7.56346 864.893
44500 61.4738 0.0397306 -7.60268 -7.56295 864.893
44600 82.5734 0.0533672 -7.58563 -7.53226 864.893
44700 104.682 0.0676558 -7.56996 -7.5023 864.893
44800 80.9028 0.0522875 -7.57335 -7.52106 864.893
44900 65.6446 0.0424262 -7.59493 -7.5525 864.893
45000 54.9867 0.0355379 -7.60302 -7.56748 864.893
45100 57.5309 0.0371822 -7.60128 -7.56409 864.893
45200 69.9662 0.0452192 -7.59472 -7.54951 864.893
45300 86.7563 0.0560707 -7.58405 -7.52798 864.893
45400 93.5331 0.0604505 -7.57944 -7.51899 864.893
45500 70.3721 0.0454815 -7.5934 -7.54791 864.893
45600 50.8439 0.0328604 -7.61004 -7.57717 864.893
45700 49.5466 0.032022 -7.60603 -7.57401 864.893
45800 70.2634 0.0454113 -7.59162 -7.54621 864.893
45900 83.9694 0.0542695 -7.58522 -7.53095 864.893
46000 80.6489 0.0521234 -7.58782 -7.53569 864.893
46100 72.8784 0.0471014 -7.59433 -7.54723 864.893
46200 59.2484 0.0382923 -7.60389 -7.56559 864.893
46300 37.067 0.0239564 -7.61472 -7.59077 864.893
46400 39.1051 0.0252736 -7.61838 -7.5931 864.893
46500 59.0203 0.0381449 -7.60283 -7.56468 864.893
46600 72.4879 0.046849 -7.59225 -7.5454 864.893
46700 78.1911 0.050535 -7.58667 -7.53614 864.893
46800 83.2502 0.0538047 -7.58556 -7.53176 864.893
46900 67.1505 0.0433994 -7.59187 -7.54847 864.893
47000 54.3482 0.0351253 -7.60792 -7.5728 864.893
47100 47.3188 0.0305822 -7.61255 -7.58197 864.893
47200 65.9671 0.0426346 -7.59986 -7.55722 864.893
47300 89.8814 0.0580904 -7.57751 -7.51942 864.893
47400 86.7495 0.0560663 -7.58323 -7.52716 864.893
47500 67.5597 0.0436639 -7.59846 -7.55479 864.893
47600 54.0255 0.0349167 -7.60604 -7.57112 864.893
47700 60.3265 0.0389891 -7.60256 -7.56357 864.893
47800 98.8839 0.0639088 -7.57525 -7.51134 864.893
47900 106.559 0.0688694 -7.58081 -7.51194 864.893
48000 67.5105 0.0436321 -7.59554 -7.55191 864.893
48100 57.8337 0.0373779 -7.60262 -7.56525 864.893
48200 63.9184 0.0413105 -7.59922 -7.55791 864.893
48300 95.0075 0.0614034 -7.57793 -7.51653 864.893
48400 110.028 0.0711111 -7.55913 -7.48801 864.893
48500 97.0112 0.0626984 -7.58022 -7.51753 864.893
48600 78.7135 0.0508726 -7.59453 -7.54365 864.893
48700 61.5683 0.0397916 -7.59935 -7.55956 864.893
48800 59.6984 0.0385831 -7.60218 -7.5636 864.893
48900 74.4565 0.0481213 -7.59192 -7.5438 864.893
49000 104.129 0.0672989 -7.56982 -7.50252 864.893
49100 94.0836 0.0608063 -7.57571 -7.5149 864.893
49200 62.2437 0.0402281 -7.59335 -7.55312 864.893
49300 63.1094 0.0407877 -7.60094 -7.56015 864.893
49400 66.8861 0.0432285 -7.59772 -7.5545 864.893
49500 79.7151 0.0515199 -7.58873 -7.53721 864.893
49600 109.314 0.0706497 -7.55944 -7.48879 864.893
49700 119.901 0.077492 -7.5544 -7.47691 864.893
49800 79.7829 0.0515637 -7.58808 -7.53651 864.893
49900 66.0113 0.0426632 -7.5967 -7.55403 864.893
50000 64.8368 0.0419041 -7.601 -7.55909 864.893
50100 65.9717 0.0426375 -7.59794 -7.5553 864.893
50200 81.4261 0.0526257 -7.58589 -7.53327 864.893
50300 104.185 0.0673345 -7.57449 -7.50715 864.893
50400 81.9898 0.0529901 -7.58344 -7.53045 864.893
50500 56.6138 0.0365896 -7.60589 -7.5693 864.893
50600 53.7381 0.0347309 -7.60624 -7.57151 864.893
50700 63.4275 0.0409932 -7.59611 -7.55512 864.893
50800 86.5671 0.0559484 -7.58108 -7.52513 864.893
50900 94.1555 0.0608528 -7.57791 -7.51706 864.893
51000 85.8201 0.0554656 -7.58658 -7.53111 864.893
51100 67.5319 0.0436459 -7.58942 -7.54577 864.893
51200 65.7816 0.0425147 -7.60011 -7.5576 864.893
51300 56.5054 0.0365195 -7.6052 -7.56868 864.893
51400 51.9268 0.0335603 -7.6093 -7.57574 864.893
51500 58.2098 0.037621 -7.60391 -7.56629 864.893
51600 85.7044 0.0553908 -7.58879 -7.5334 864.893
51700 90.1258 0.0582483 -7.58414 -7.5259 864.893
51800 67.5573 0.0436623 -7.59776 -7.5541 864.893
51900 48.1114 0.0310944 -7.60982 -7.57872 864.893
52000 48.294 0.0312125 -7.60957 -7.57835 864.893
52100 57.9829 0.0374744 -7.60511 -7.56764 864.893
52200 72.0061 0.0465376 -7.59568 -7.54914 864.893
52300 84.0063 0.0542933 -7.58519 -7.5309 864.893
52400 74.7599 0.0483174 -7.579 -7.53068 864.893
52500 62.8136 0.0405965 -7.59854 -7.55794 864.893
52600 46.1498 0.0298266 -7.60955 -7.57972 864.893
52700 51.3554 0.033191 -7.60906 -7.57587 864.893
52800 72.6998 0.046986 -7.59029 -7.5433 864.893
52900 97.5945 0.0630754 -7.58812 -7.52505 864.893
53000 76.684 0.0495609 -7.59287 -7.5433 864.893
53100 64.539 0.0417116 -7.59953 -7.55782 864.893
53200 59.7704 0.0386297 -7.6005 -7.56187 864.893
53300 70.8068 0.0457625 -7.59264 -7.54688 864.893
53400 99.4375 0.0642666 -7.57229 -7.50802 864.893
53500 93.6356 0.0605168 -7.5756 -7.51508 864.893
53600 65.4947 0.0423293 -7.59843 -7.5561 864.893
53700 58.8636 0.0380436 -7.60632 -7.56827 864.893
53800 55.8387 0.0360886 -7.59881 -7.56272 864.893
53900 81.6318 0.0527587 -7.5878 -7.53504 864.893
54000 96.9878 0.0626833 -7.56647 -7.50379 864.893
54100 76.3393 0.0493382 -7.58619 -7.53685 864.893
54200 52.0822 0.0336608 -7.60958 -7.57592 864.893
54300 53.7775 0.0347564 -7.60794 -7.57318 864.893
54400 60.952 0.0393934 -7.59083 -7.55144 864.893
54500 86.7953 0.0560959 -7.58166 -7.52557 864.893
54600 83.5523 0.0539999 -7.58579 -7.53179 864.893
54700 52.5001 0.0339308 -7.59637 -7.56243 864.893
54800 50.7405 0.0327936 -7.61063 -7.57784 864.893
54900 51.0329 0.0329826 -7.60797 -7.57499 864.893
55000 56.3353 0.0364096 -7.60223 -7.56582 864.893
55100 67.5558 0.0436614 -7.59365 -7.54999 864.893
55200 89.6055 0.0579121 -7.59097 -7.53306 864.893
55300 70.9809 0.045875 -7.58989 -7.54401 864.893
55400 50.7092 0.0327734 -7.61071 -7.57794 864.893
55500 34.0116 0.0219817 -7.60624 -7.58426 864.893
55600 58.626 0.03789 -7.60392 -7.56603 864.893
55700 64.8849 0.0419352 -7.59251 -7.55058 864.893
55800 73.5075 0.047508 -7.59421 -7.54671 864.893
55900 66.6037 0.043046 -7.59873 -7.55568 864.893
56000 48.5778 0.0313959 -7.6104 -7.579 864.893
56100 37.9041 0.0244975 -7.61864 -7.59414 864.893
56200 47.5904 0.0307577 -7.61261 -7.58185 864.893
56300 65.4229 0.0422828 -7.59034 -7.54806 864.893
56400 79.0089 0.0510635 -7.59047 -7.53941 864.893
56500 70.4272 0.0455171 -7.59377 -7.54825 864.893
56600 48.1205 0.0311003 -7.59852 -7.56742 864.893
56700 49.5302 0.0320114 -7.61023 -7.57822 864.893
56800 47.5152 0.0307091 -7.60699 -7.57628 864.893
56900 80.1419 0.0517958 -7.5971 -7.54531 864.893
57000 82.1112 0.0530685 -7.57987 -7.52681 864.893
57100 78.9987 0.0510569 -7.59476 -7.54371 864.893
57200 51.6626 0.0333896 -7.61228 -7.57889 864.893
57300 43.7348 0.0282658 -7.61096 -7.58269 864.893
57400 56.4771 0.0365012 -7.60591 -7.56941 864.893
57500 67.9785 0.0439345 -7.59616 -7.55222 864.893
57600 73.0207 0.0471933 -7.59129 -7.5441 864.893
57700 72.4156 0.0468023 -7.59471 -7.54791 864.893
57800 57.3335 0.0370547 -7.60627 -7.56921 864.893
57900 33.7107 0.0217873 -7.62204 -7.60025 864.893
58000 37.7488 0.0243971 -7.62006 -7.59567 864.893
58100 55.522 0.0358839 -7.60732 -7.57143 864.893
58200 70.1507 0.0453385 -7.59634 -7.551 864.893
58300 67.6602 0.0437288 -7.5849 -7.54117 864.893
58400 79.4122 0.0513242 -7.59168 -7.54036 864.893
58500 56.9111 0.0367817 -7.60616 -7.56938 864.893
58600 43.2472 0.0279507 -7.61543 -7.58748 864.893
58700 49.7699 0.0321663 -7.61115 -7.57898 864.893
58800 68.9841 0.0445845 -7.59599 -7.5514 864.893
58900 74.2523 0.0479893 -7.58984 -7.54186 864.893
59000 69.9901 0.0452346 -7.5953 -7.55006 864.893
59100 59.8621 0.0386889 -7.6035 -7.56481 864.893
59200 46.0325 0.0297508 -7.61332 -7.58357 864.893
59300 32.8983 0.0212622 -7.62295 -7.60169 864.893
59400 32.8702 0.021244 -7.62294 -7.6017 864.893
59500 54.2431 0.0350573 -7.60846 -7.5734 864.893
59600 57.5866 0.0372182 -7.59024 -7.55302 864.893
59700 81.0437 0.0523786 -7.58687 -7.53449 864.893
59800 79.9311 0.0516595 -7.58825 -7.53659 864.893
59900 58.0061 0.0374894 -7.60424 -7.56675 864.893
60000 45.0909 0.0291423 -7.61297 -7.58383 864.893
60100 48.8814 0.0315921 -7.61016 -7.57856 864.893
60200 58.2441 0.0376432 -7.60412 -7.56648 864.893
60300 63.4088 0.0409812 -7.59914 -7.55816 864.893
60400 66.0344 0.0426781 -7.59589 -7.55321 864.893
60500 68.2945 0.0441388 -7.59707 -7.55293 864.893
60600 58.9362 0.0380905 -7.60396 -7.56587 864.893
60700 45.5334 0.0294282 -7.61333 -7.58391 864.893
60800 45.1542 0.0291832 -7.6149 -7.58572 864.893
60900 57.2456 0.0369979 -7.5977 -7.5607 864.893
61000 81.9224 0.0529465 -7.58884 -7.5359 864.893
61100 70.6814 0.0456814 -7.58967 -7.54399 864.893
61200 62.5322 0.0404146 -7.60143 -7.56101 864.893
61300 47.8674 0.0309367 -7.6116 -7.58066 864.893
61400 32.1103 0.0207529 -7.62408 -7.60332 864.893
61500 26.9756 0.0174343 -7.62783 -7.61039 864.893
61600 37.8832 0.0244839 -7.62003 -7.59555 864.893
61700 48.2092 0.0311577 -7.61172 -7.58056 864.893
61800 61.5737 0.0397951 -7.60098 -7.56119 864.893
61900 75.3956 0.0487283 -7.58825 -7.53952 864.893
62000 81.4294 0.0526279 -7.58869 -7.53606 864.893
62100 54.8942 0.0354782 -7.60142 -7.56594 864.893
62200 46.1621 0.0298346 -7.61171 -7.58188 864.893
62300 50.4402 0.0325995 -7.60906 -7.57646 864.893
62400 60.0317 0.0387985 -7.60118 -7.56239 864.893
62500 66.6495 0.0430756 -7.59608 -7.553 864.893
62600 67.2667 0.0434745 -7.59767 -7.5542 864.893
62700 54.9243 0.0354976 -7.59489 -7.55939 864.893
62800 63.4917 0.0410347 -7.59851 -7.55747 864.893
62900 72.919 0.0471276 -7.58453 -7.5374 864.893
63000 94.1512 0.06085 -7.58048 -7.51963 864.893
63100 72.2981 0.0467263 -7.59451 -7.54778 864.893
63200 51.7016 0.0334148 -7.60906 -7.57564 864.893
63300 48.5939 0.0314063 -7.6072 -7.5758 864.893
63400 60.2605 0.0389464 -7.60011 -7.56116 864.893
63500 81.931 0.0529521 -7.58735 -7.5344 864.893
63600 117.451 0.0759084 -7.5642 -7.48829 864.893
63700 113.972 0.07366 -7.56774 -7.49408 864.893
63800 69.7396 0.0450728 -7.59687 -7.55179 864.893
63900 55.3045 0.0357434 -7.60625 -7.57051 864.893
64000 49.6172 0.0320676 -7.60828 -7.57621 864.893
64100 57.8548 0.0373916 -7.60393 -7.56654 864.893
64200 82.8517 0.0535471 -7.58948 -7.53593 864.893
64300 88.4734 0.0571804 -7.58349 -7.52631 864.893
64400 58.757 0.0379747 -7.60258 -7.5646 864.893
64500 46.1077 0.0297994 -7.61033 -7.58053 864.893
64600 54.3709 0.03514 -7.6074 -7.57226 864.893
64700 70.5901 0.0456224 -7.59776 -7.55213 864.893
64800 77.6108 0.0501599 -7.58679 -7.53663 864.893
64900 68.5486 0.044303 -7.59809 -7.55378 864.893
65000 44.3168 0.028642 -7.61478 -7.58613 864.893
65100 42.9128 0.0277346 -7.61517 -7.58743 864.893
65200 54.6659 0.0353306 -7.60286 -7.56753 864.893
65300 73.1473 0.0472752 -7.59294 -7.54566 864.893
65400 71.4966 0.0462083 -7.59233 -7.54612 864.893
65500 61.0153 0.0394343 -7.59786 -7.55842 864.893
65600 55.7169 0.0360099 -7.60663 -7.57062 864.893
65700 43.0243 0.0278066 -7.61615 -7.58835 864.893
65800 29.7242 0.0192108 -7.62503 -7.60582 864.893
65900 34.2953 0.0221651 -7.62167 -7.59951 864.893
66000 49.7624 0.0321615 -7.60921 -7.57705 864.893
66100 58.7122 0.0379457 -7.60195 -7.564 864.893
66200 69.4557 0.0448893 -7.59583 -7.55094 864.893
66300 76.832 0.0496566 -7.59035 -7.5407 864.893
66400 63.4336 0.0409972 -7.5989 -7.5579 864.893
66500 43.1921 0.0279151 -7.61398 -7.58607 864.893
66600 43.191 0.0279144 -7.61567 -7.58775 864.893
66700 53.3221 0.0344621 -7.60349 -7.56902 864.893
66800 73.9268 0.047779 -7.59487 -7.5471 864.893
66900 64.8487 0.0419118 -7.59274 -7.55083 864.893
67000 62.8442 0.0406163 -7.60313 -7.56252 864.893
67100 48.5514 0.0313788 -7.61109 -7.57971 864.893
67200 35.0806 0.0226726 -7.61994 -7.59727 864.893
67300 27.5078 0.0177783 -7.62631 -7.60853 864.893
67400 34.2582 0.0221411 -7.62245 -7.60031 864.893
67500 54.7922 0.0354122 -7.60785 -7.57244 864.893
67600 58.7818 0.0379907 -7.59333 -7.55534 864.893
67700 77.5195 0.0501009 -7.59028 -7.54018 864.893
67800 72.9547 0.0471507 -7.5909 -7.54375 864.893
67900 50.0951 0.0323765 -7.6089 -7.57653 864.893
68000 42.7462 0.0276269 -7.61622 -7.58859 864.893
68100 45.3346 0.0292998 -7.61003 -7.58073 864.893
68200 59.0826 0.0381851 -7.60256 -7.56438 864.893
68300 64.6751 0.0417996 -7.59989 -7.55809 864.893
68400 61.7771 0.0399266 -7.59991 -7.55998 864.893
68500 58.0061 0.0374894 -7.60287 -7.56538 864.893
68600 48.1419 0.0311141 -7.61111 -7.58 864.893
68700 36.01 0.0232733 -7.62237 -7.5991 864.893
68800 34.4882 0.0222898 -7.62015 -7.59786 864.893
68900 52.5585 0.0339686 -7.60694 -7.57297 864.893
69000 63.999 0.0413626 -7.60012 -7.55875 864.893
69100 64.9309 0.0419649 -7.59962 -7.55766 864.893
69200 56.4099 0.0364578 -7.60329 -7.56684 864.893
69300 42.5235 0.027483 -7.61414 -7.58666 864.893
69400 36.0577 0.0233041 -7.62224 -7.59894 864.893
69500 41.7953 0.0270123 -7.61529 -7.58828 864.893
69600 64.3616 0.0415969 -7.59753 -7.55593 864.893
69700 66.6338 0.0430654 -7.59369 -7.55063 864.893
69800 62.786 0.0405786 -7.60182 -7.56124 864.893
69900 47.3056 0.0305736 -7.61257 -7.58199 864.893
70000 37.3213 0.0241208 -7.62021 -7.59609 864.893
70100 39.2764 0.0253844 -7.61802 -7.59264 864.893
70200 60.8348 0.0393176 -7.60002 -7.5607 864.893
70300 74.1366 0.0479146 -7.59193 -7.54402 864.893
70400 67.1923 0.0434264 -7.59708 -7.55365 864.893
70500 48.9508 0.031637 -7.60938 -7.57775 864.893
70600 41.0554 0.0265341 -7.6167 -7.59017 864.893
70700 50.4784 0.0326242 -7.61036 -7.57774 864.893
70800 78.1822 0.0505292 -7.58455 -7.53402 864.893
70900 77.4556 0.0500596 -7.59059 -7.54053 864.893
71000 57.2081 0.0369736 -7.60504 -7.56807 864.893
71100 46.4574 0.0300254 -7.61111 -7.58108 864.893
71200 48.9446 0.0316329 -7.61034 -7.57871 864.893
71300 74.2622 0.0479957 -7.59172 -7.54373 864.893
71400 90.1425 0.0582592 -7.58021 -7.52195 864.893
71500 69.5705 0.0449635 -7.59405 -7.54908 864.893
71600 56.6573 0.0366177 -7.60533 -7.56872 864.893
71700 53.6275 0.0346595 -7.60897 -7.57431 864.893
71800 52.8979 0.034188 -7.60569 -7.5715 864.893
71900 74.0854 0.0478814 -7.59135 -7.54347 864.893
72000 86.5857 0.0559604 -7.56845 -7.51249 864.893
72100 79.7457 0.0515397 -7.59004 -7.5385 864.893
72200 56.7245 0.0366611 -7.60544 -7.56878 864.893
72300 52.7008 0.0340605 -7.60841 -7.57435 864.893
72400 54.7661 0.0353954 -7.60722 -7.57182 864.893
72500 65.9329 0.0426125 -7.59693 -7.55431 864.893
72600 87.1198 0.0563056 -7.57994 -7.52364 864.893
72700 75.3409 0.0486929 -7.58408 -7.53539 864.893
72800 56.1771 0.0363073 -7.60722 -7.57091 864.893
72900 47.9226 0.0309724 -7.60861 -7.57764 864.893
73000 55.1836 0.0356652 -7.60623 -7.57057 864.893
73100 68.9647 0.0445719 -7.5954 -7.55083 864.893
73200 87.9317 0.0568304 -7.58183 -7.525 864.893
73300 76.7657 0.0496137 -7.59152 -7.54191 864.893
73400 49.529 0.0320106 -7.60986 -7.57785 864.893
73500 44.2409 0.0285929 -7.61302 -7.58443 864.893
73600 52.9412 0.0342159 -7.60709 -7.57288 864.893
73700 73.5191 0.0475155 -7.59298 -7.54546 864.893
73800 77.2991 0.0499585 -7.59194 -7.54198 864.893
73900 49.8902 0.0322441 -7.60734 -7.5751 864.893
74000 39.9697 0.0258325 -7.61703 -7.5912 864.893
74100 47.1111 0.0304479 -7.61321 -7.58276 864.893
74200 59.2237 0.0382763 -7.60097 -7.5627 864.893
74300 72.6616 0.0469613 -7.59433 -7.54737 864.893
74400 65.1234 0.0420893 -7.59958 -7.55749 864.893
74500 41.8354 0.0270382 -7.61544 -7.5884 864.893
74600 37.8658 0.0244727 -7.61915 -7.59467 864.893
74700 46.351 0.0299567 -7.61313 -7.58318 864.893
74800 58.2056 0.0376183 -7.60467 -7.56706 864.893
74900 52.3388 0.0338266 -7.59511 -7.56129 864.893
75000 63.7522 0.0412031 -7.60137 -7.56017 864.893
75100 57.364 0.0370744 -7.60531 -7.56824 864.893
75200 41.2412 0.0266542 -7.61558 -7.58893 864.893
75300 27.683 0.0178916 -7.62575 -7.60786 864.893
75400 31.1552 0.0201356 -7.62317 -7.60303 864.893
75500 42.6183 0.0275442 -7.61636 -7.58882 864.893
75600 49.991 0.0323092 -7.60867 -7.57636 864.893
75700 62.1278 0.0401532 -7.60396 -7.5638 864.893
75800 62.8794 0.040639 -7.59596 -7.55532 864.893
75900 70.596 0.0456262 -7.59669 -7.55106 864.893
76000 56.2249 0.0363382 -7.60471 -7.56837 864.893
76100 41.5014 0.0268224 -7.61499 -7.58817 864.893
76200 41.5547 0.0268569 -7.6182 -7.59134 864.893
76300 49.6541 0.0320915 -7.60316 -7.57106 864.893
76400 73.945 0.0477907 -7.59235 -7.54456 864.893
76500 67.7094 0.0437606 -7.59687 -7.55311 864.893
76600 53.135 0.0343412 -7.60796 -7.57362 864.893
76700 45.0799 0.0291352 -7.61363 -7.5845 864.893
76800 47.5163 0.0307098 -7.6113 -7.58059 864.893
76900 74.8156 0.0483534 -7.59039 -7.54204 864.893
77000 79.8951 0.0516363 -7.58638 -7.53475 864.893
77100 58.1193 0.0375625 -7.60252 -7.56496 864.893
77200 47.0376 0.0304004 -7.61214 -7.58174 864.893
77300 46.4958 0.0300503 -7.61358 -7.58353 864.893
77400 59.4595 0.0384287 -7.6032 -7.56478 864.893
77500 86.2647 0.0557529 -7.583 -7.52724 864.893
77600 71.9438 0.0464973 -7.58671 -7.54021 864.893
77700 59.2148 0.0382706 -7.60236 -7.56409 864.893
77800 52.1175 0.0336836 -7.60805 -7.57437 864.893
77900 49.9926 0.0323102 -7.60948 -7.57717 864.893
78000 55.0633 0.0355875 -7.60662 -7.57104 864.893
78100 75.1719 0.0485836 -7.5903 -7.54172 864.893
78200 80.1532 0.051803 -7.58671 -7.53491 864.893
78300 56.5056 0.0365196 -7.60523 -7.56871 864.893
78400 46.6783 0.0301682 -7.61233 -7.58216 864.893
78500 48.4708 0.0313267 -7.61115 -7.57983 864.893
78600 58.1411 0.0375767 -7.60314 -7.56557 864.893
78700 82.833 0.053535 -7.58323 -7.5297 864.893
78800 86.7456 0.0560637 -7.58257 -7.52651 864.893
78900 55.3055 0.035744 -7.60449 -7.56875 864.893
79000 47.9969 0.0310204 -7.6104 -7.57938 864.893
79100 47.1346 0.0304631 -7.61076 -7.5803 864.893
79200 55.737 0.0360229 -7.60668 -7.57066 864.893
79300 73.2969 0.0473718 -7.5952 -7.54783 864.893
79400 70.4695 0.0455445 -7.58611 -7.54057 864.893
79500 53.1244 0.0343343 -7.60882 -7.57448 864.893
79600 40.408 0.0261157 -7.6177 -7.59158 864.893
79700 43.4102 0.028056 -7.61418 -7.58612 864.893
79800 58.4339 0.0377659 -7.60344 -7.56567 864.893
79900 69.7365 0.0450707 -7.59523 -7.55016 864.893
80000 64.5192 0.0416988 -7.60012 -7.55842 864.893
80100 57.3992 0.0370971 -7.60459 -7.5675 864.893
80200 48.6752 0.0314588 -7.60617 -7.57471 864.893
80300 49.012 0.0316765 -7.61127 -7.5796 864.893
80400 46.4269 0.0300057 -7.61356 -7.58356 864.893
80500 46.2691 0.0299038 -7.61332 -7.58342 864.893
80600 53.7709 0.0347522 -7.6063 -7.57155 864.893
80700 65.5303 0.0423523 -7.59518 -7.55283 864.893
80800 68.3508 0.0441752 -7.58998 -7.5458 864.893
80900 58.0707 0.0375311 -7.60535 -7.56782 864.893
81000 39.3316 0.02542 -7.61746 -7.59204 864.893
81100 39.8896 0.0257807 -7.61755 -7.59177 864.893
81200 52.6527 0.0340295 -7.60833 -7.5743 864.893
81300 63.0964 0.0407792 -7.59309 -7.55231 864.893
81400 67.785 0.0438095 -7.59781 -7.554 864.893
81500 58.3467 0.0377095 -7.60372 -7.56601 864.893
81600 49.9011 0.0322511 -7.61056 -7.57831 864.893
81700 43.2925 0.02798 -7.61507 -7.58709 864.893
81800 37.4041 0.0241743 -7.61804 -7.59386 864.893
81900 37.043 0.0239409 -7.61868 -7.59474 864.893
82000 48.1896 0.031145 -7.60945 -7.5783 864.893
82100 65.1032 0.0420762 -7.59887 -7.5568 864.893
82200 64.5088 0.0416921 -7.59967 -7.55798 864.893
82300 46.4702 0.0300338 -7.613 -7.58297 864.893
82400 34.8651 0.0225333 -7.62073 -7.59819 864.893
82500 37.56 0.0242751 -7.61867 -7.59439 864.893
82600 45.2672 0.0292562 -7.61179 -7.58253 864.893
82700 56.9338 0.0367963 -7.60378 -7.56699 864.893
82800 63.3548 0.0409462 -7.6005 -7.55955 864.893
82900 49.2232 0.031813 -7.6104 -7.57859 864.893
83000 32.2568 0.0208476 -7.62272 -7.60187 864.893
83100 35.2625 0.0227902 -7.62131 -7.59852 864.893
83200 49.4374 0.0319514 -7.61088 -7.57893 864.893
83300 57.3211 0.0370467 -7.60319 -7.56615 864.893
83400 54.9921 0.0355414 -7.60355 -7.56801 864.893
83500 50.4237 0.0325888 -7.6103 -7.57771 864.893
83600 33.6556 0.0217516 -7.62226 -7.60051 864.893
83700 25.8432 0.0167025 -7.6278 -7.6111 864.893
83800 32.3732 0.0209228 -7.62335 -7.60242 864.893
83900 41.1171 0.026574 -7.61542 -7.58884 864.893
84000 50.128 0.0323978 -7.61045 -7.57806 864.893
84100 58.4493 0.0377758 -7.60666 -7.56889 864.893
84200 51.3387 0.0331802 -7.59865 -7.56547 864.893
84300 56.5043 0.0365188 -7.60441 -7.56789 864.893
84400 47.578 0.0307497 -7.61112 -7.58037 864.893
84500 39.3762 0.0254488 -7.61848 -7.59303 864.893
84600 37.2193 0.0240549 -7.6193 -7.59525 864.893
84700 52.2025 0.0337385 -7.60919 -7.57545 864.893
84800 63.6343 0.0411269 -7.59225 -7.55112 864.893
84900 64.5429 0.0417141 -7.59971 -7.558 864.893
85000 49.9532 0.0322848 -7.60964 -7.57735 864.893
85100 45.0114 0.0290909 -7.61276 -7.58367 864.893
85200 47.4694 0.0306795 -7.61223 -7.58155 864.893
85300 49.7398 0.0321469 -7.60892 -7.57677 864.893
85400 57.9708 0.0374666 -7.60296 -7.56549 864.893
85500 78.2557 0.0505767 -7.5887 -7.53813 864.893
85600 71.4798 0.0461974 -7.59365 -7.54746 864.893
85700 49.0017 0.0316699 -7.6097 -7.57803 864.893
85800 42.9842 0.0277807 -7.61455 -7.58677 864.893
85900 45.65 0.0295036 -7.61449 -7.58499 864.893
86000 58.4774 0.037794 -7.60404 -7.56625 864.893
86100 76.3307 0.0493326 -7.58603 -7.5367 864.893
86200 66.0983 0.0427194 -7.59908 -7.55636 864.893
86300 48.5343 0.0313677 -7.61126 -7.57989 864.893
86400 45.5728 0.0294537 -7.61235 -7.58289 864.893
86500 48.0889 0.0310799 -7.6103 -7.57922 864.893
86600 57.2757 0.0370173 -7.6039 -7.56689 864.893
86700 69.9629 0.0452171 -7.59473 -7.54951 864.893
86800 63.5468 0.0410704 -7.59968 -7.55861 864.893
86900 42.4119 0.0274108 -7.61504 -7.58763 864.893
87000 37.2899 0.0241005 -7.61848 -7.59438 864.893
87100 43.3497 0.0280169 -7.61377 -7.58576 864.893
87200 62.1006 0.0401357 -7.60063 -7.56049 864.893
87300 69.5783 0.0449685 -7.59505 -7.55008 864.893
87400 60.5221 0.0391155 -7.60174 -7.56262 864.893
87500 52.38 0.0338532 -7.60723 -7.57338 864.893
87600 43.7978 0.0283066 -7.61311 -7.58481 864.893
87700 37.2875 0.024099 -7.61834 -7.59424 864.893
87800 34.6541 0.022397 -7.62121 -7.59882 864.893
87900 40.7742 0.0263524 -7.61725 -7.59089 864.893
88000 57.5322 0.0371831 -7.60508 -7.56789 864.893
88100 63.0378 0.0407414 -7.60042 -7.55968 864.893
88200 48.8881 0.0315964 -7.60883 -7.57723 864.893
88300 34.3964 0.0222304 -7.62074 -7.59851 864.893
88400 34.6258 0.0223787 -7.62221 -7.59984 864.893
88500 38.8761 0.0251256 -7.61703 -7.5919 864.893
88600 50.8067 0.0328364 -7.61189 -7.57905 864.893
88700 54.5838 0.0352776 -7.60404 -7.56876 864.893
88800 58.2622 0.0376549 -7.60354 -7.56588 864.893
88900 43.3931 0.028045 -7.61388 -7.58583 864.893
89000 33.5333 0.0216726 -7.62255 -7.60088 864.893
89100 36.4102 0.023532 -7.62194 -7.59841 864.893
89200 44.0289 0.0284559 -7.60681 -7.57835 864.893
89300 61.3626 0.0396587 -7.6034 -7.56374 864.893
89400 55.5347 0.0358921 -7.60642 -7.57053 864.893
89500 45.832 0.0296212 -7.61304 -7.58342 864.893
89600 39.8283 0.025741 -7.61668 -7.59094 864.893
89700 39.5729 0.025576 -7.61709 -7.59152 864.893
89800 48.7621 0.031515 -7.61103 -7.57952 864.893
89900 61.2633 0.0395945 -7.60297 -7.56338 864.893
90000 58.1576 0.0375873 -7.60372 -7.56614 864.893
90100 42.4936 0.0274636 -7.61518 -7.58771 864.893
90200 34.3859 0.0222236 -7.62052 -7.5983 864.893
90300 38.295 0.0247501 -7.61826 -7.59351 864.893
90400 59.6803 0.0385714 -7.60283 -7.56426 864.893
90500 72.1689 0.0466428 -7.59468 -7.54804 864.893
90600 56.8144 0.0367192 -7.60431 -7.56759 864.893
90700 43.0247 0.0278069 -7.61419 -7.58639 864.893
90800 37.6403 0.024327 -7.61838 -7.59405 864.893
90900 40.723 0.0263193 -7.61636 -7.59004 864.893
91000 62.1827 0.0401887 -7.60198 -7.56179 864.893
91100 68.2879 0.0441345 -7.59707 -7.55294 864.893
91200 51.222 0.0331048 -7.60823 -7.57512 864.893
91300 42.4368 0.027427 -7.61419 -7.58676 864.893
91400 42.8386 0.0276866 -7.61521 -7.58752 864.893
91500 46.5139 0.030062 -7.61307 -7.583 864.893
91600 59.2421 0.0382882 -7.6034 -7.56511 864.893
91700 80.8647 0.0522629 -7.5897 -7.53743 864.893
91800 59.6287 0.0385381 -7.59944 -7.5609 864.893
91900 45.8092 0.0296066 -7.61353 -7.58393 864.893
92000 41.3091 0.0266981 -7.61532 -7.58863 864.893
92100 42.4604 0.0274422 -7.61524 -7.58779 864.893
92200 53.2942 0.0344441 -7.61014 -7.5757 864.893
92300 62.359 0.0403027 -7.59294 -7.55263 864.893
92400 66.7008 0.0431088 -7.59857 -7.55546 864.893
92500 43.6036 0.028181 -7.61404 -7.58586 864.893
92600 37.8041 0.0244328 -7.61785 -7.59342 864.893
92700 41.7504 0.0269833 -7.61576 -7.58878 864.893
92800 54.5649 0.0352653 -7.60731 -7.57204 864.893
92900 72.9651 0.0471574 -7.59435 -7.54719 864.893
93000 51.7963 0.033476 -7.59476 -7.56129 864.893
93100 41.6857 0.0269415 -7.61371 -7.58677 864.893
93200 39.4759 0.0255133 -7.61807 -7.59255 864.893
93300 37.1262 0.0239947 -7.61418 -7.59019 864.893
93400 58.3636 0.0377204 -7.60596 -7.56824 864.893
93500 59.3026 0.0383273 -7.59215 -7.55383 864.893
93600 49.4146 0.0319367 -7.60514 -7.5732 864.893
93700 33.7268 0.0217977 -7.62311 -7.60131 864.893
93800 34.2955 0.0221652 -7.62175 -7.59959 864.893
93900 42.8675 0.0277053 -7.61259 -7.58489 864.893
94000 57.651 0.0372599 -7.60686 -7.5696 864.893
94100 46.1686 0.0298388 -7.60271 -7.57287 864.893
94200 37.1438 0.0240061 -7.61372 -7.58972 864.893
94300 25.795 0.0166713 -7.62767 -7.611 864.893
94400 28.9385 0.018703 -7.62692 -7.60822 864.893
94500 37.646 0.0243306 -7.61892 -7.59459 864.893
94600 40.8863 0.0264249 -7.60957 -7.58314 864.893
94700 51.3381 0.0331799 -7.61123 -7.57805 864.893
94800 45.2316 0.0292332 -7.61076 -7.58153 864.893
94900 34.9385 0.0225808 -7.62196 -7.59938 864.893
95000 26.2424 0.0169605 -7.62922 -7.61226 864.893
95100 29.0638 0.0187839 -7.62532 -7.60653 864.893
95200 38.6331 0.0249686 -7.61626 -7.59129 864.893
95300 45.5321 0.0294274 -7.61317 -7.58374 864.893
95400 45.1008 0.0291487 -7.61161 -7.58246 864.893
95500 43.9972 0.0284354 -7.60846 -7.58002 864.893
95600 62.1604 0.0401743 -7.60518 -7.565 864.893
95700 60.1752 0.0388912 -7.60511 -7.56622 864.893
95800 38.4322 0.0248388 -7.61646 -7.59162 864.893
95900 34.5298 0.0223166 -7.62294 -7.60062 864.893
96000 34.6503 0.0223945 -7.61866 -7.59627 864.893
96100 53.2402 0.0344092 -7.60922 -7.57481 864.893
96200 55.4916 0.0358643 -7.59779 -7.56192 864.893
96300 57.4147 0.0371072 -7.60564 -7.56853 864.893
96400 41.6993 0.0269503 -7.60758 -7.58063 864.893
96500 41.1067 0.0265673 -7.61652 -7.58995 864.893
96600 34.9568 0.0225926 -7.6228 -7.6002 864.893
96700 24.5652 0.0158765 -7.62875 -7.61288 864.893
96800 20.194 0.0130514 -7.6315 -7.61845 864.893
96900 29.2299 0.0188913 -7.6248 -7.6059 864.893
97000 42.7535 0.0276316 -7.61692 -7.58929 864.893
97100 43.3859 0.0280403 -7.60927 -7.58122 864.893
97200 53.9727 0.0348826 -7.60986 -7.57498 864.893
97300 46.7928 0.0302422 -7.61165 -7.5814 864.893
97400 28.6653 0.0185264 -7.61689 -7.59837 864.893
97500 33.1381 0.0214172 -7.62564 -7.60423 864.893
97600 35.356 0.0228506 -7.61794 -7.59509 864.893
97700 58.7127 0.037946 -7.6057 -7.56775 864.893
97800 52.7731 0.0341073 -7.60655 -7.57244 864.893
97900 40.8537 0.0264038 -7.61624 -7.58983 864.893
98000 34.2046 0.0221064 -7.62118 -7.59907 864.893
98100 36.0781 0.0233173 -7.62004 -7.59673 864.893
98200 55.1779 0.0356615 -7.60379 -7.56813 864.893
98300 70.101 0.0453063 -7.5963 -7.55099 864.893
98400 53.1445 0.0343474 -7.61034 -7.57599 864.893
98500 38.4905 0.0248764 -7.61753 -7.59265 864.893
98600 34.0141 0.0219833 -7.62048 -7.59849 864.893
98700 39.5123 0.0255368 -7.61716 -7.59163 864.893
98800 55.2963 0.035738 -7.60025 -7.56451 864.893
98900 57.8844 0.0374107 -7.60374 -7.56633 864.893
99000 49.6798 0.0321081 -7.61326 -7.58116 864.893
99100 41.4719 0.0268033 -7.61694 -7.59013 864.893
99200 39.1763 0.0253197 -7.61948 -7.59416 864.893
99300 32.4879 0.0209969 -7.61448 -7.59349 864.893
99400 57.0826 0.0368925 -7.60644 -7.56954 864.893
99500 62.7859 0.0405786 -7.60231 -7.56173 864.893
99600 45.7595 0.0295744 -7.61277 -7.58319 864.893
99700 36.0662 0.0233096 -7.61952 -7.59621 864.893
99800 37.2823 0.0240956 -7.62048 -7.59639 864.893
99900 41.3224 0.0267067 -7.61751 -7.59081 864.893
100000 57.5261 0.0371792 -7.6096 -7.57242 864.893
100100 76.751 0.0496042 -7.59804 -7.54844 864.893
100200 49.7888 0.0321785 -7.61054 -7.57836 864.893
100300 40.1437 0.0259449 -7.61826 -7.59231 864.893
100400 37.3311 0.0241271 -7.61993 -7.59581 864.893
100500 38.7794 0.0250631 -7.61969 -7.59462 864.893
100600 45.8947 0.0296618 -7.61433 -7.58466 864.893
100700 59.381 0.038378 -7.60639 -7.56802 864.893
100800 50.9718 0.0329431 -7.61406 -7.58112 864.893
100900 30.7632 0.0198823 -7.62273 -7.60285 864.893
101000 33.8143 0.0218542 -7.62466 -7.60281 864.893
101100 33.2736 0.0215047 -7.61538 -7.59387 864.893
101200 52.0581 0.0336452 -7.61135 -7.57771 864.893
101300 50.0569 0.0323518 -7.61076 -7.57841 864.893
101400 43.0184 0.0278028 -7.61389 -7.58609 864.893
101500 38.8252 0.0250928 -7.61769 -7.59259 864.893
101600 34.7461 0.0224564 -7.61919 -7.59673 864.893
101700 39.3645 0.0254413 -7.62076 -7.59531 864.893
101800 39.7646 0.0256999 -7.61039 -7.58469 864.893
101900 53.6311 0.0346618 -7.60448 -7.56981 864.893
102000 54.9972 0.0355448 -7.60661 -7.57107 864.893
102100 36.838 0.0238084 -7.61744 -7.59363 864.893
102200 33.1696 0.0214375 -7.62276 -7.60133 864.893
102300 36.441 0.0235518 -7.62221 -7.59866 864.893
102400 40.2434 0.0260093 -7.61555 -7.58954 864.893
102500 64.9578 0.0419823 -7.6052 -7.56321 864.893
102600 72.1861 0.0466539 -7.60041 -7.55376 864.893
102700 43.128 0.0278737 -7.61527 -7.5874 864.893
102800 37.904 0.0244974 -7.61957 -7.59507 864.893
102900 35.5013 0.0229445 -7.62106 -7.59812 864.893
103000 36.8658 0.0238264 -7.62028 -7.59645 864.893
103100 43.5806 0.0281662 -7.61381 -7.58564 864.893
103200 55.8378 0.036088 -7.60501 -7.56892 864.893
103300 46.071 0.0297757 -7.60991 -7.58013 864.893
103400 31.0536 0.02007 -7.6244 -7.60433 864.893
103500 30.4008 0.0196481 -7.6254 -7.60576 864.893
103600 37.5975 0.0242993 -7.62059 -7.59629 864.893
103700 42.4587 0.0274411 -7.60948 -7.58204 864.893
103800 53.7889 0.0347638 -7.6105 -7.57573 864.893
103900 34.7523 0.0224604 -7.62111 -7.59865 864.893
104000 25.1047 0.0162252 -7.62775 -7.61153 864.893
104100 29.9925 0.0193841 -7.62428 -7.6049 864.893
104200 38.3466 0.0247834 -7.61411 -7.58933 864.893
104300 49.5356 0.0320149 -7.61165 -7.57963 864.893
104400 43.6765 0.0282282 -7.61372 -7.58549 864.893
104500 34.0303 0.0219938 -7.62291 -7.60092 864.893
104600 20.6006 0.0133142 -7.63193 -7.61862 864.893
104700 18.6739 0.012069 -7.63295 -7.62088 864.893
104800 24.0731 0.0155585 -7.62813 -7.61257 864.893
104900 33.7885 0.0218375 -7.61974 -7.5979 864.893
105000 45.2603 0.0292517 -7.61421 -7.58496 864.893
105100 46.9707 0.0303572 -7.61143 -7.58107 864.893
105200 35.1579 0.0227226 -7.61735 -7.59463 864.893
105300 25.2677 0.0163306 -7.62765 -7.61132 864.893
105400 27.0125 0.0174582 -7.62875 -7.61129 864.893
105500 30.7541 0.0198764 -7.62433 -7.60446 864.893
105600 37.1641 0.0240192 -7.6193 -7.59529 864.893
105700 39.2819 0.0253879 -7.61426 -7.58888 864.893
105800 43.1393 0.0278809 -7.6152 -7.58732 864.893
105900 34.2701 0.0221488 -7.62241 -7.60026 864.893
106000 24.4304 0.0157894 -7.62911 -7.61332 864.893
106100 26.2608 0.0169724 -7.62808 -7.61111 864.893
106200 35.6091 0.0230142 -7.61873 -7.59572 864.893
106300 43.8743 0.028356 -7.61415 -7.58579 864.893
106400 39.9608 0.0258267 -7.61066 -7.58484 864.893
106500 40.2069 0.0259858 -7.61665 -7.59066 864.893
106600 26.316 0.017008 -7.62854 -7.61153 864.893
106700 22.1812 0.0143357 -7.63064 -7.61631 864.893
106800 28.5377 0.0184439 -7.62661 -7.60816 864.893
106900 37.3038 0.0241095 -7.62083 -7.59672 864.893
107000 37.3054 0.0241105 -7.61557 -7.59146 864.893
107100 38.6683 0.0249914 -7.61605 -7.59106 864.893
107200 37.0925 0.0239729 -7.61987 -7.5959 864.893
107300 26.2563 0.0169695 -7.6277 -7.61073 864.893
107400 21.766 0.0140674 -7.63049 -7.61643 864.893
107500 27.814 0.0179762 -7.62511 -7.60713 864.893
107600 39.2548 0.0253704 -7.61796 -7.59259 864.893
107700 41.7434 0.0269788 -7.61562 -7.58864 864.893
107800 39.1996 0.0253347 -7.61747 -7.59213 864.893
107900 30.5754 0.0197609 -7.62414 -7.60438 864.893
108000 21.4578 0.0138682 -7.63128 -7.61742 864.893
108100 21.972 0.0142005 -7.63065 -7.61645 864.893
108200 30.2395 0.0195438 -7.62428 -7.60474 864.893
108300 35.0136 0.0226293 -7.62124 -7.59861 864.893
108400 37.6169 0.0243118 -7.61937 -7.59506 864.893
108500 40.2927 0.0260412 -7.61835 -7.59231 864.893
108600 39.3206 0.025413 -7.61941 -7.594 864.893
108700 30.6381 0.0198014 -7.6228 -7.603 864.893
108800 24.5087 0.01584 -7.62771 -7.61187 864.893
108900 25.095 0.0162189 -7.6283 -7.61208 864.893
109000 37.032 0.0239338 -7.61856 -7.59463 864.893
109100 47.2883 0.0305624 -7.61307 -7.58251 864.893
109200 42.508 0.0274729 -7.61742 -7.58995 864.893
109300 30.3596 0.0196214 -7.62318 -7.60356 864.893
109400 27.15 0.0175471 -7.62631 -7.60876 864.893
109500 34.3312 0.0221883 -7.62213 -7.59994 864.893
109600 55.4859 0.0358606 -7.60375 -7.56789 864.893
109700 49.2673 0.0318415 -7.61017 -7.57833 864.893
109800 36.0631 0.0233076 -7.62 -7.59669 864.893
109900 29.6847 0.0191852 -7.62443 -7.60524 864.893
110000 29.2234 0.0188871 -7.62528 -7.6064 864.893
110100 38.9964 0.0252034 -7.61881 -7.59361 864.893
110200 52.9494 0.0342212 -7.6083 -7.57408 864.893
110300 40.062 0.0258921 -7.60816 -7.58227 864.893
110400 39.0674 0.0252493 -7.62159 -7.59634 864.893
110500 30.5759 0.0197612 -7.62111 -7.60135 864.893
110600 35.9402 0.0232282 -7.62299 -7.59977 864.893
110700 36.4534 0.0235598 -7.62033 -7.59677 864.893
110800 40.824 0.0263846 -7.61553 -7.58914 864.893
110900 46.6196 0.0301303 -7.61053 -7.5804 864.893
111000 41.9908 0.0271387 -7.61648 -7.58934 864.893
111100 27.4757 0.0177576 -7.62444 -7.60668 864.893
111200 28.3676 0.018334 -7.62776 -7.60942 864.893
111300 32.5076 0.0210097 -7.62384 -7.60283 864.893
111400 48.7704 0.0315203 -7.61194 -7.58042 864.893
111500 55.9371 0.0361522 -7.60666 -7.57051 864.893
111600 44.101 0.0285025 -7.61257 -7.58406 864.893
111700 38.6051 0.0249505 -7.62056 -7.59561 864.893
111800 27.5588 0.0178113 -7.62416 -7.60635 864.893
111900 28.8363 0.0186369 -7.62805 -7.60942 864.893
112000 29.4393 0.0190266 -7.62219 -7.60316 864.893
112100 47.6439 0.0307923 -7.61371 -7.58291 864.893
112200 43.8835 0.0283619 -7.61271 -7.58435 864.893
112300 34.6545 0.0223972 -7.62133 -7.59893 864.893
112400 32.6874 0.0211259 -7.62552 -7.60439 864.893
112500 25.7033 0.016612 -7.62059 -7.60397 864.893
112600 36.25 0.0234284 -7.62058 -7.59715 864.893
112700 40.8358 0.0263922 -7.61634 -7.58995 864.893
112800 43.1125 0.0278637 -7.61577 -7.5879 864.893
112900 34.9377 0.0225803 -7.62147 -7.59889 864.893
113000 26.3663 0.0170405 -7.62696 -7.60992 864.893
113100 24.5762 0.0158836 -7.62784 -7.61196 864.893
113200 32.0763 0.0207309 -7.62186 -7.60113 864.893
113300 45.1325 0.0291692 -7.61347 -7.5843 864.893
113400 42.4111 0.0274103 -7.61416 -7.58675 864.893
113500 35.5791 0.0229948 -7.61964 -7.59664 864.893
113600 31.0452 0.0200645 -7.62367 -7.6036 864.893
113700 29.2252 0.0188883 -7.62536 -7.60647 864.893
113800 32.8854 0.0212539 -7.62348 -7.60223 864.893
113900 43.8081 0.0283132 -7.61363 -7.58532 864.893
114000 42.3353 0.0273613 -7.60815 -7.58079 864.893
114100 35.2996 0.0228142 -7.62077 -7.59795 864.893
114200 27.95 0.0180641 -7.62684 -7.60878 864.893
114300 27.7186 0.0179146 -7.62675 -7.60883 864.893
114400 35.4349 0.0229016 -7.62127 -7.59837 864.893
114500 52.3755 0.0338503 -7.60799 -7.57414 864.893
114600 46.0147 0.0297393 -7.60497 -7.57523 864.893
114700 38.9481 0.0251722 -7.61665 -7.59148 864.893
114800 32.7572 0.021171 -7.62326 -7.60208 864.893
114900 28.4157 0.0183651 -7.62634 -7.60798 864.893
115000 27.0966 0.0175126 -7.62732 -7.60981 864.893
115100 32.6601 0.0211083 -7.62388 -7.60277 864.893
115200 42.8292 0.0276806 -7.61544 -7.58776 864.893
115300 42.5241 0.0274833 -7.61457 -7.58708 864.893
115400 30.8795 0.0199574 -7.62458 -7.60463 864.893
115500 24.0539 0.0155461 -7.62776 -7.61221 864.893
115600 27.0526 0.0174841 -7.62682 -7.60934 864.893
115700 33.2994 0.0215214 -7.62397 -7.60245 864.893
115800 36.6197 0.0236674 -7.61951 -7.59584 864.893
115900 41.3912 0.0267512 -7.61423 -7.58748 864.893
116000 43.5386 0.028139 -7.60963 -7.58149 864.893
116100 37.5691 0.0242809 -7.61883 -7.59455 864.893
116200 27.6069 0.0178424 -7.62761 -7.60976 864.893
116300 25.327 0.0163689 -7.62952 -7.61315 864.893
116400 29.1996 0.0188717 -7.62515 -7.60628 864.893
116500 44.3528 0.0286652 -7.61539 -7.58672 864.893
116600 43.1695 0.0279005 -7.61424 -7.58634 864.893
116700 34.7587 0.0224646 -7.62011 -7.59765 864.893
116800 31.0444 0.020064 -7.62482 -7.60475 864.893
116900 29.0459 0.0187724 -7.62624 -7.60747 864.893
117000 29.9812 0.0193769 -7.62562 -7.60624 864.893
117100 38.1065 0.0246282 -7.61807 -7.59344 864.893
117200 46.9011 0.0303122 -7.6135 -7.58319 864.893
117300 33.5022 0.0216525 -7.61798 -7.59633 864.893
117400 28.1935 0.0182215 -7.62715 -7.60893 864.893
117500 24.8538 0.016063 -7.62728 -7.61122 864.893
117600 28.6821 0.0185372 -7.62639 -7.60785 864.893
117700 33.0772 0.0213778 -7.62455 -7.60318 864.893
117800 32.2413 0.0208376 -7.62168 -7.60085 864.893
117900 31.768 0.0205317 -7.62484 -7.60431 864.893
118000 20.1886 0.0130479 -7.62973 -7.61668 864.893
118100 19.3353 0.0124964 -7.63195 -7.61946 864.893
118200 25.235 0.0163094 -7.62834 -7.61203 864.893
118300 34.8336 0.022513 -7.62147 -7.59895 864.893
118400 39.707 0.0256626 -7.62024 -7.59457 864.893
118500 27.4807 0.0177608 -7.62168 -7.60392 864.893
118600 22.4227 0.0144918 -7.6324 -7.61791 864.893
118700 18.2828 0.0118162 -7.63265 -7.62084 864.893
118800 20.5809 0.0133014 -7.63009 -7.61679 864.893
118900 28.2541 0.0182606 -7.62794 -7.60967 864.893
119000 28.6269 0.0185016 -7.62074 -7.60224 864.893
119100 37.1175 0.0239891 -7.61987 -7.59588 864.893
119200 34.789 0.0224842 -7.62187 -7.59939 864.893
119300 23.5819 0.015241 -7.63102 -7.61577 864.893
119400 20.2866 0.0131113 -7.63282 -7.61971 864.893
119500 24.7229 0.0159784 -7.6282 -7.61223 864.893
119600 34.0877 0.0220309 -7.62177 -7.59974 864.893
119700 32.4301 0.0209596 -7.61921 -7.59825 864.893
119800 34.4931 0.0222929 -7.62409 -7.6018 864.893
119900 24.0556 0.0155471 -7.62484 -7.60929 864.893
120000 21.4908 0.0138895 -7.63288 -7.61899 864.893
120100 13.9799 0.00903519 -7.6373 -7.62827 864.893
120200 15.7906 0.0102055 -7.63511 -7.6249 864.893
120300 22.2898 0.0144059 -7.62986 -7.61546 864.893
120400 25.3566 0.016388 -7.62482 -7.60843 864.893
120500 33.9495 0.0219416 -7.6221 -7.60016 864.893
120600 36.2593 0.0234344 -7.6201 -7.59667 864.893
120700 27.2508 0.0176122 -7.62725 -7.60964 864.893
120800 18.6599 0.0120599 -7.63343 -7.62137 864.893
120900 20.1378 0.0130151 -7.63183 -7.61882 864.893
121000 25.8385 0.0166994 -7.62652 -7.60982 864.893
121100 30.2291 0.0195371 -7.623 -7.60346 864.893
121200 32.3501 0.0209079 -7.62206 -7.60115 864.893
121300 30.6156 0.0197869 -7.62319 -7.6034 864.893
121400 23.7616 0.0153571 -7.62946 -7.6141 864.893
121500 14.9648 0.00967178 -7.63595 -7.62628 864.893
121600 16.624 0.0107441 -7.635 -7.62426 864.893
121700 22.6123 0.0146143 -7.63013 -7.61552 864.893
121800 27.1334 0.0175364 -7.62543 -7.60789 864.893
121900 31.1316 0.0201204 -7.62312 -7.603 864.893
122000 31.6853 0.0204782 -7.62308 -7.6026 864.893
122100 24.091 0.01557 -7.62926 -7.61369 864.893
122200 17.5401 0.0113362 -7.63419 -7.62285 864.893
122300 19.6322 0.0126883 -7.63278 -7.62009 864.893
122400 27.5451 0.0178024 -7.62651 -7.60871 864.893
122500 30.1812 0.0195062 -7.62343 -7.60392 864.893
122600 30.1487 0.0194851 -7.62405 -7.60456 864.893
122700 25.7156 0.01662 -7.62652 -7.6099 864.893
122800 20.5297 0.0132684 -7.6328 -7.61953 864.893
122900 15.0347 0.00971696 -7.63636 -7.62664 864.893
123000 18.3999 0.0118918 -7.63404 -7.62214 864.893
123100 27.1633 0.0175557 -7.62557 -7.60801 864.893
123200 28.7857 0.0186042 -7.62337 -7.60476 864.893
123300 30.9981 0.0200341 -7.62434 -7.60431 864.893
123400 28.1419 0.0181881 -7.62635 -7.60816 864.893
123500 21.9887 0.0142113 -7.63141 -7.6172 864.893
123600 17.3184 0.0111929 -7.63426 -7.62306 864.893
123700 19.5 0.0126029 -7.63167 -7.61907 864.893
123800 29.9382 0.0193491 -7.62355 -7.6042 864.893
123900 32.4148 0.0209497 -7.62191 -7.60096 864.893
124000 28.7146 0.0185583 -7.62545 -7.60689 864.893
124100 21.8435 0.0141175 -7.63077 -7.61665 864.893
124200 18.1519 0.0117316 -7.63395 -7.62222 864.893
124300 20.843 0.0134709 -7.63205 -7.61858 864.893
124400 31.6585 0.0204609 -7.62288 -7.60241 864.893
124500 34.5835 0.0223514 -7.6199 -7.59755 864.893
124600 27.6392 0.0178632 -7.62543 -7.60756 864.893
124700 23.1298 0.0149488 -7.63069 -7.61574 864.893
124800 21.2276 0.0137194 -7.63096 -7.61724 864.893
124900 30.8217 0.0199201 -7.62621 -7.60629 864.893
125000 43.4841 0.0281038 -7.61421 -7.58611 864.893
125100 34.4822 0.0222859 -7.61985 -7.59757 864.893
125200 26.9141 0.0173946 -7.62789 -7.6105 864.893
125300 21.3816 0.013819 -7.6294 -7.61558 864.893
125400 26.0512 0.0168369 -7.63078 -7.61394 864.893
125500 28.7784 0.0185995 -7.62043 -7.60183 864.893
125600 43.264 0.0279615 -7.61743 -7.58947 864.893
125700 32.2916 0.0208701 -7.62248 -7.60161 864.893
125800 25.2475 0.0163175 -7.62772 -7.6114 864.893
125900 24.1643 0.0156174 -7.62982 -7.6142 864.893
126000 24.8108 0.0160352 -7.62946 -7.61342 864.893
126100 32.8035 0.021201 -7.62432 -7.60312 864.893
126200 36.4664 0.0235683 -7.61225 -7.58868 864.893
126300 37.2985 0.0241061 -7.62245 -7.59834 864.893
126400 24.1721 0.0156225 -7.62864 -7.61302 864.893
126500 22.112 0.014291 -7.62928 -7.61499 864.893
126600 24.8219 0.0160424 -7.62899 -7.61295 864.893
126700 29.0895 0.0188005 -7.62355 -7.60475 864.893
126800 41.5799 0.0268731 -7.61849 -7.59162 864.893
126900 33.0148 0.0213375 -7.62223 -7.60089 864.893
127000 22.0131 0.0142271 -7.63048 -7.61625 864.893
127100 21.2299 0.0137209 -7.63087 -7.61715 864.893
127200 23.3593 0.0150972 -7.62779 -7.61269 864.893
127300 34.7336 0.0224483 -7.62387 -7.60143 864.893
127400 32.8855 0.0212539 -7.6185 -7.59724 864.893
127500 24.7179 0.0159752 -7.63055 -7.61458 864.893
127600 17.7792 0.0114907 -7.63375 -7.62226 864.893
127700 19.829 0.0128155 -7.63162 -7.6188 864.893
127800 28.351 0.0183233 -7.62691 -7.60859 864.893
127900 30.9366 0.0199944 -7.6231 -7.60311 864.893
128000 29.229 0.0188907 -7.62732 -7.60843 864.893
128100 17.5062 0.0113142 -7.63221 -7.6209 864.893
128200 13.5365 0.00874865 -7.63638 -7.62763 864.893
128300 15.9465 0.0103062 -7.63511 -7.6248 864.893
128400 22.4283 0.0144954 -7.63055 -7.61605 864.893
128500 29.8208 0.0192732 -7.62633 -7.60706 864.893
128600 29.008 0.0187479 -7.62446 -7.60571 864.893
128700 22.561 0.0145812 -7.62953 -7.61495 864.893
128800 16.1477 0.0104363 -7.63481 -7.62437 864.893
128900 16.4507 0.0106321 -7.63441 -7.62378 864.893
129000 22.1142 0.0142925 -7.63257 -7.61828 864.893
129100 23.1923 0.0149892 -7.62904 -7.61405 864.893
129200 24.2518 0.0156739 -7.62789 -7.61221 864.893
129300 25.405 0.0164193 -7.6289 -7.61248 864.893
129400 21.1327 0.0136581 -7.63086 -7.6172 864.893
129500 16.386 0.0105903 -7.63601 -7.62541 864.893
129600 14.4809 0.00935899 -7.63576 -7.6264 864.893
129700 20.4428 0.0132122 -7.63051 -7.6173 864.893
129800 27.024 0.0174656 -7.6268 -7.60933 864.893
129900 26.6206 0.0172049 -7.62732 -7.61011 864.893
130000 22.9594 0.0148387 -7.63062 -7.61578 864.893
130100 16.5837 0.0107181 -7.63478 -7.62406 864.893
130200 11.3172 0.00731433 -7.63811 -7.6308 864.893
130300 11.9288 0.00770961 -7.63844 -7.63073 864.893
130400 19.2133 0.0124176 -7.63141 -7.61899 864.893
130500 27.6021 0.0178393 -7.62827 -7.61043 864.893
130600 27.6933 0.0178982 -7.62569 -7.6078 864.893
130700 23.9991 0.0155107 -7.62885 -7.61334 864.893
130800 18.0878 0.0116901 -7.63389 -7.6222 864.893
130900 16.3061 0.0105386 -7.63565 -7.62511 864.893
131000 22.9035 0.0148025 -7.63091 -7.6161 864.893
131100 31.2543 0.0201997 -7.62332 -7.60312 864.893
131200 27.1959 0.0175767 -7.62621 -7.60863 864.893
131300 20.4741 0.0132325 -7.6309 -7.61767 864.893
131400 17.9168 0.0115797 -7.63288 -7.6213 864.893
131500 20.7538 0.0134132 -7.6315 -7.61808 864.893
131600 33.5447 0.0216799 -7.62191 -7.60023 864.893
131700 34.3929 0.0222281 -7.62317 -7.60094 864.893
131800 24.3532 0.0157395 -7.62928 -7.61354 864.893
131900 19.8615 0.0128365 -7.63167 -7.61884 864.893
132000 20.5494 0.0132811 -7.63256 -7.61928 864.893
132100 23.3298 0.015078 -7.62895 -7.61387 864.893
132200 36.0844 0.0233214 -7.62145 -7.59813 864.893
132300 30.6499 0.019809 -7.62223 -7.60242 864.893
132400 23.9381 0.0154712 -7.62977 -7.6143 864.893
132500 20.9069 0.0135122 -7.63125 -7.61774 864.893
132600 21.0301 0.0135917 -7.63169 -7.61809 864.893
132700 22.4495 0.0145091 -7.63045 -7.61594 864.893
132800 28.032 0.0181171 -7.62583 -7.60771 864.893
132900 31.7194 0.0205003 -7.62355 -7.60305 864.893
133000 23.1399 0.0149554 -7.62978 -7.61482 864.893
133100 17.3894 0.0112388 -7.63382 -7.62258 864.893
133200 18.4155 0.011902 -7.63362 -7.62172 864.893
133300 21.7623 0.014065 -7.63023 -7.61616 864.893
133400 31.9041 0.0206196 -7.62485 -7.60423 864.893
133500 39.2071 0.0253396 -7.61727 -7.59193 864.893
133600 29.2386 0.0188969 -7.62497 -7.60607 864.893
133700 19.5605 0.012642 -7.63268 -7.62004 864.893
133800 17.2115 0.0111238 -7.63469 -7.62356 864.893
133900 18.5451 0.0119857 -7.63383 -7.62184 864.893
134000 24.5864 0.0158902 -7.62907 -7.61318 864.893
134100 28.8288 0.018632 -7.62497 -7.60633 864.893
134200 22.8728 0.0147827 -7.6298 -7.61502 864.893
134300 15.2043 0.00982658 -7.63573 -7.6259 864.893
134400 16.1396 0.010431 -7.63522 -7.62479 864.893
134500 20.9744 0.0135558 -7.63187 -7.61832 864.893
134600 25.9441 0.0167677 -7.62824 -7.61147 864.893
134700 24.3096 0.0157113 -7.62837 -7.61266 864.893
134800 15.8015 0.0102125 -7.63538 -7.62517 864.893
134900 13.3566 0.0086324 -7.63767 -7.62903 864.893
135000 16.4898 0.0106574 -7.63524 -7.62458 864.893
135100 21.345 0.0137953 -7.63104 -7.61724 864.893
135200 23.2064 0.0149983 -7.62932 -7.61432 864.893
135300 21.7632 0.0140656 -7.63053 -7.61646 864.893
135400 17.3128 0.0111893 -7.63433 -7.62314 864.893
135500 10.8171 0.00699112 -7.63927 -7.63228 864.893
135600 11.3351 0.00732591 -7.63898 -7.63165 864.893
135700 15.2032 0.00982583 -7.63562 -7.62579 864.893
135800 19.0359 0.0123029 -7.63244 -7.62013 864.893
135900 22.6017 0.0146075 -7.6312 -7.61659 864.893
136000 22.8754 0.0147844 -7.63082 -7.61603 864.893
136100 17.8396 0.0115297 -7.63348 -7.62195 864.893
136200 12.5884 0.00813586 -7.63709 -7.62896 864.893
136300 12.8996 0.008337 -7.63677 -7.62843 864.893
136400 19.1109 0.0123514 -7.63227 -7.61992 864.893
136500 23.6822 0.0153058 -7.63019 -7.61488 864.893
136600 22.2872 0.0144042 -7.63148 -7.61707 864.893
136700 17.7767 0.0114891 -7.63362 -7.62213 864.893
136800 13.3421 0.00862303 -7.63686 -7.62824 864.893
136900 9.66142 0.00624419 -7.64011 -7.63387 864.893
137000 8.95217 0.0057858 -7.64045 -7.63466 864.893
137100 14.9438 0.00965817 -7.6361 -7.62644 864.893
137200 19.8237 0.0128121 -7.63247 -7.61965 864.893
137300 22.6134 0.0146151 -7.63001 -7.61539 864.893
137400 22.1083 0.0142886 -7.63046 -7.61617 864.893
137500 16.9309 0.0109424 -7.63441 -7.62346 864.893
137600 12.9709 0.00838312 -7.63737 -7.62898 864.893
137700 14.4118 0.00931434 -7.63677 -7.62745 864.893
137800 23.2429 0.0150219 -7.62947 -7.61445 864.893
137900 25.0084 0.0161629 -7.62869 -7.61253 864.893
138000 19.3549 0.0125091 -7.63233 -7.61982 864.893
138100 15.5328 0.0100389 -7.6356 -7.62556 864.893
138200 15.23 0.00984319 -7.63634 -7.6265 864.893
138300 21.3734 0.0138137 -7.63177 -7.61795 864.893
138400 27.7881 0.0179595 -7.62611 -7.60815 864.893
138500 22.6164 0.014617 -7.62982 -7.6152 864.893
138600 17.2112 0.0111236 -7.63379 -7.62267 864.893
138700 16.1745 0.0104536 -7.63477 -7.62432 864.893
138800 17.4848 0.0113004 -7.6342 -7.6229 864.893
138900 23.994 0.0155073 -7.63025 -7.61474 864.893
139000 33.03 0.0213473 -7.62287 -7.60153 864.893
139100 24.9973 0.0161558 -7.62778 -7.61163 864.893
139200 19.484 0.0125925 -7.63261 -7.62002 864.893
139300 17.2921 0.0111759 -7.63497 -7.62379 864.893
139400 15.631 0.0101023 -7.63584 -7.62573 864.893
139500 15.8207 0.0102249 -7.63509 -7.62487 864.893
139600 20.7231 0.0133934 -7.63098 -7.61759 864.893
139700 24.9812 0.0161454 -7.62796 -7.61182 864.893
139800 20.3989 0.0131838 -7.63217 -7.61899 864.893
139900 14.7785 0.00955137 -7.6365 -7.62695 864.893
140000 14.8041 0.0095679 -7.63656 -7.62699 864.893
140100 16.7466 0.0108233 -7.63453 -7.62371 864.893
140200 20.4749 0.0132329 -7.63134 -7.61811 864.893
140300 27.6579 0.0178753 -7.62724 -7.60937 864.893
140400 31.4393 0.0203193 -7.62471 -7.60439 864.893
140500 20.202 0.0130566 -7.63204 -7.61898 864.893
140600 15.262 0.00986381 -7.63526 -7.6254 864.893
140700 14.1428 0.00914053 -7.63586 -7.62672 864.893
140800 16.1273 0.0104231 -7.63443 -7.624 864.893
140900 23.0306 0.0148847 -7.62983 -7.61494 864.893
141000 25.7668 0.0166531 -7.62905 -7.6124 864.893
141100 17.0021 0.0109885 -7.63492 -7.62393 864.893
141200 13.6292 0.00880857 -7.63659 -7.62778 864.893
141300 15.1122 0.00976703 -7.63563 -7.62586 864.893
141400 19.3768 0.0125233 -7.63321 -7.62068 864.893
141500 23.0329 0.0148862 -7.63032 -7.61543 864.893
141600 20.112 0.0129984 -7.63177 -7.61877 864.893
141700 12.9975 0.00840031 -7.6371 -7.6287 864.893
141800 11.8768 0.00767596 -7.63792 -7.63024 864.893
141900 14.8839 0.00961945 -7.63562 -7.626 864.893
142000 20.5937 0.0133097 -7.63191 -7.6186 864.893
142100 21.1311 0.013657 -7.63185 -7.61819 864.893
142200 18.334 0.0118493 -7.63335 -7.62151 864.893
142300 16.4358 0.0106225 -7.63477 -7.62415 864.893
142400 15.3578 0.00992574 -7.63587 -7.62594 864.893
142500 14.0193 0.00906071 -7.63652 -7.62746 864.893
142600 12.7183 0.00821984 -7.63739 -7.62918 864.893
142700 13.8759 0.00896803 -7.63718 -7.62821 864.893
142800 17.8004 0.0115044 -7.6342 -7.62269 864.893
142900 21.1458 0.0136666 -7.63116 -7.61749 864.893
143000 18.0125 0.0116415 -7.63323 -7.62158 864.893
143100 11.5451 0.00746158 -7.63787 -7.6304 864.893
143200 11.3853 0.00735834 -7.6384 -7.63105 864.893
143300 14.6902 0.0094943 -7.63677 -7.62728 864.893
143400 18.1954 0.0117597 -7.63408 -7.62232 864.893
143500 17.8966 0.0115666 -7.63305 -7.62149 864.893
143600 17.0506 0.0110198 -7.63446 -7.62344 864.893
143700 16.4874 0.0106558 -7.63548 -7.62483 864.893
143800 15.3508 0.00992124 -7.6359 -7.62598 864.893
143900 13.8455 0.00894836 -7.63614 -7.62719 864.893
144000 12.7478 0.00823894 -7.63704 -7.6288 864.893
144100 12.6253 0.00815974 -7.63762 -7.62946 864.893
144200 14.7336 0.00952232 -7.63612 -7.6266 864.893
144300 19.4098 0.0125446 -7.6329 -7.62036 864.893
144400 19.9218 0.0128755 -7.6316 -7.61873 864.893
144500 13.7174 0.00886557 -7.6366 -7.62774 864.893
144600 11.2792 0.00728974 -7.63926 -7.63197 864.893
144700 12.6462 0.00817326 -7.63817 -7.62999 864.893
144800 15.4133 0.00996164 -7.63473 -7.62477 864.893
144900 18.3983 0.0118908 -7.63346 -7.62157 864.893
145000 17.2653 0.0111586 -7.63509 -7.62393 864.893
145100 13.2501 0.00856354 -7.63727 -7.62871 864.893
145200 7.38285 0.00477154 -7.64086 -7.63609 864.893
145300 6.06419 0.00391929 -7.64193 -7.63801 864.893
145400 9.46462 0.00611699 -7.63998 -7.63387 864.893
145500 14.2345 0.00919979 -7.63715 -7.62795 864.893
145600 16.9976 0.0109856 -7.63448 -7.6235 864.893
145700 16.4343 0.0106215 -7.63376 -7.62314 864.893
145800 13.46 0.00869921 -7.63741 -7.62871 864.893
145900 10.1897 0.00658561 -7.64018 -7.63359 864.893
146000 10.0088 0.00646868 -7.63955 -7.63308 864.893
146100 11.5965 0.00749484 -7.63751 -7.63002 864.893
146200 13.7893 0.00891204 -7.63712 -7.62821 864.893
146300 14.7205 0.00951388 -7.63671 -7.62719 864.893
146400 15.0899 0.00975261 -7.63609 -7.62634 864.893
146500 14.1274 0.00913058 -7.63547 -7.62634 864.893
146600 13.1613 0.00850616 -7.63688 -7.62838 864.893
146700 11.6292 0.00751593 -7.63896 -7.63144 864.893
146800 10.3636 0.006698 -7.63968 -7.63298 864.893
146900 11.8316 0.00764675 -7.63785 -7.6302 864.893
147000 16.6358 0.0107517 -7.63367 -7.62292 864.893
147100 17.8546 0.0115394 -7.63377 -7.62223 864.893
147200 15.0758 0.00974348 -7.63701 -7.62726 864.893
147300 11.7919 0.00762112 -7.63827 -7.63065 864.893
147400 11.2718 0.00728499 -7.63788 -7.6306 864.893
147500 13.009 0.00840775 -7.63762 -7.62921 864.893
147600 14.1247 0.00912877 -7.63599 -7.62686 864.893
147700 20.0547 0.0129614 -7.63405 -7.62109 864.893
147800 20.4064 0.0131887 -7.63065 -7.61746 864.893
147900 14.2791 0.00922857 -7.63579 -7.62657 864.893
148000 11.6266 0.0075143 -7.63903 -7.63152 864.893
148100 11.1693 0.00721871 -7.63892 -7.6317 864.893
148200 13.6645 0.00883137 -7.6371 -7.62826 864.893
148300 18.0636 0.0116745 -7.63289 -7.62121 864.893
148400 18.0515 0.0116667 -7.63279 -7.62112 864.893
148500 12.0636 0.00779674 -7.63807 -7.63027 864.893
148600 10.9146 0.00705414 -7.63904 -7.63198 864.893
148700 12.1227 0.00783488 -7.63827 -7.63043 864.893
148800 14.1422 0.0091401 -7.63606 -7.62692 864.893
148900 16.0205 0.0103541 -7.6343 -7.62395 864.893
149000 14.7312 0.00952076 -7.63667 -7.62715 864.893
149100 10.0903 0.00652134 -7.64011 -7.63359 864.893
149200 8.7004 0.00562307 -7.64013 -7.63451 864.893
149300 11.0327 0.00713046 -7.63848 -7.63135 864.893
149400 15.9766 0.0103257 -7.63596 -7.62564 864.893
149500 15.8706 0.0102572 -7.63553 -7.62528 864.893
149600 13.5518 0.00875856 -7.63672 -7.62796 864.893
149700 10.9265 0.00706182 -7.63796 -7.6309 864.893
149800 9.88091 0.00638604 -7.63963 -7.63325 864.893
149900 8.82377 0.00570281 -7.64089 -7.63519 864.893
150000 7.65598 0.00494806 -7.6413 -7.63635 864.893
150100 9.05085 0.00584957 -7.63967 -7.63382 864.893
150200 13.1278 0.00848453 -7.63701 -7.62852 864.893
150300 14.0315 0.00906856 -7.63609 -7.62702 864.893
150400 13.1332 0.00848801 -7.63848 -7.62999 864.893
150500 8.03714 0.00519441 -7.64066 -7.63546 864.893
150600 6.89655 0.00445725 -7.64147 -7.63701 864.893
150700 8.65394 0.00559305 -7.6412 -7.63561 864.893
150800 10.1851 0.00658263 -7.63944 -7.63286 864.893
150900 12.5457 0.00810827 -7.63763 -7.62952 864.893
151000 13.0457 0.00843142 -7.6367 -7.62827 864.893
151100 10.651 0.00688376 -7.63898 -7.6321 864.893
151200 7.16713 0.00463212 -7.64182 -7.63719 864.893
151300 7.4069 0.00478709 -7.64143 -7.63665 864.893
151400 9.96682 0.00644156 -7.63912 -7.63268 864.893
151500 12.1296 0.00783936 -7.63773 -7.62989 864.893
151600 12.2635 0.00792591 -7.63804 -7.63011 864.893
151700 11.1159 0.00718418 -7.6392 -7.63202 864.893
151800 7.76076 0.00501579 -7.64101 -7.636 864.893
151900 5.13167 0.0033166 -7.64288 -7.63956 864.893
152000 6.21372 0.00401593 -7.64267 -7.63866 864.893
152100 8.19888 0.00529894 -7.64119 -7.63589 864.893
152200 9.46451 0.00611692 -7.63957 -7.63346 864.893
152300 11.0846 0.00716396 -7.63831 -7.63114 864.893
152400 12.2755 0.00793369 -7.63764 -7.62971 864.893
152500 11.2583 0.00727626 -7.6388 -7.63152 864.893
152600 8.01225 0.00517832 -7.64134 -7.63616 864.893
152700 6.79707 0.00439295 -7.64174 -7.63734 864.893
152800 8.79594 0.00568482 -7.64021 -7.63452 864.893
152900 12.872 0.00831918 -7.6381 -7.62978 864.893
153000 12.0197 0.00776832 -7.63778 -7.63001 864.893
153100 10.2858 0.00664769 -7.63922 -7.63257 864.893
153200 8.58401 0.00554785 -7.64061 -7.63507 864.893
153300 6.99311 0.00451965 -7.64175 -7.63723 864.893
153400 4.91151 0.00317431 -7.64319 -7.64001 864.893
153500 4.80017 0.00310236 -7.64315 -7.64004 864.893
153600 7.33339 0.00473958 -7.64132 -7.63658 864.893
153700 9.73225 0.00628996 -7.64005 -7.63376 864.893
153800 10.8879 0.00703683 -7.63916 -7.63212 864.893
153900 10.6198 0.00686359 -7.63886 -7.632 864.893
154000 8.50342 0.00549577 -7.64058 -7.63509 864.893
154100 6.32045 0.00408491 -7.64243 -7.63834 864.893
154200 6.52255 0.00421553 -7.64229 -7.63807 864.893
154300 9.45436 0.00611036 -7.63981 -7.6337 864.893
154400 10.9295 0.00706377 -7.63844 -7.63138 864.893
154500 10.0122 0.00647092 -7.63948 -7.63301 864.893
154600 8.2906 0.00535822 -7.64105 -7.63569 864.893
154700 6.7939 0.0043909 -7.6421 -7.63771 864.893
154800 5.71866 0.00369597 -7.64259 -7.63889 864.893
154900 6.11831 0.00395427 -7.64223 -7.63828 864.893
155000 9.19059 0.00593989 -7.64037 -7.63443 864.893
155100 11.2904 0.00729699 -7.63898 -7.63169 864.893
155200 9.96865 0.00644275 -7.63939 -7.63295 864.893
155300 6.86915 0.00443953 -7.6415 -7.63706 864.893
155400 5.62508 0.00363549 -7.64256 -7.63893 864.893
155500 6.38761 0.00412831 -7.64231 -7.63818 864.893
155600 7.61518 0.0049217 -7.64152 -7.6366 864.893
155700 8.80828 0.0056928 -7.64029 -7.63459 864.893
155800 9.936 0.00642164 -7.63951 -7.63309 864.893
155900 9.74053 0.00629531 -7.63983 -7.63353 864.893
156000 7.16928 0.00463351 -7.64172 -7.63709 864.893
156100 5.71054 0.00369072 -7.64259 -7.6389 864.893
156200 6.51317 0.00420947 -7.64213 -7.63792 864.893
156300 9.47993 0.00612688 -7.63998 -7.63385 864.893
156400 10.3795 0.00670831 -7.63916 -7.63245 864.893
156500 8.91321 0.00576062 -7.64012 -7.63435 864.893
156600 7.90604 0.00510968 -7.64114 -7.63603 864.893
156700 7.53242 0.00486821 -7.6415 -7.63663 864.893
156800 7.63275 0.00493306 -7.64143 -7.6365 864.893
156900 7.45094 0.00481555 -7.64108 -7.63627 864.893
157000 7.89343 0.00510153 -7.6413 -7.6362 864.893
157100 8.0165 0.00518107 -7.64144 -7.63626 864.893
157200 7.38078 0.0047702 -7.64125 -7.63648 864.893
157300 6.67709 0.00431541 -7.64155 -7.63723 864.893
157400 6.06963 0.00392281 -7.64233 -7.63841 864.893
157500 6.16768 0.00398617 -7.64253 -7.63855 864.893
157600 7.62428 0.00492758 -7.64152 -7.6366 864.893
157700 9.44016 0.00610118 -7.63959 -7.63349 864.893
157800 9.18647 0.00593722 -7.63996 -7.63402 864.893
157900 6.20475 0.00401013 -7.64287 -7.63886 864.893
158000 5.12221 0.00331049 -7.64304 -7.63973 864.893
158100 6.05429 0.00391289 -7.64214 -7.63823 864.893
158200 8.21603 0.00531003 -7.64102 -7.63571 864.893
158300 8.73367 0.00564458 -7.64056 -7.63491 864.893
158400 6.10445 0.00394531 -7.64229 -7.63834 864.893
158500 4.06273 0.00262574 -7.64372 -7.6411 864.893
158600 4.88581 0.00315771 -7.64331 -7.64015 864.893
158700 6.95853 0.0044973 -7.64206 -7.63757 864.893
158800 7.66241 0.00495222 -7.64099 -7.63603 864.893
158900 7.29155 0.00471254 -7.64142 -7.63671 864.893
159000 5.40763 0.00349496 -7.6432 -7.6397 864.893
159100 3.65047 0.0023593 -7.64417 -7.64181 864.893
159200 3.91482 0.00253015 -7.6437 -7.64117 864.893
159300 5.26271 0.00340129 -7.64284 -7.63944 864.893
159400 6.77554 0.00437904 -7.64212 -7.63774 864.893
159500 7.19632 0.00465099 -7.64178 -7.63713 864.893
159600 6.10322 0.00394452 -7.64219 -7.63824 864.893
159700 3.92593 0.00253733 -7.64396 -7.64142 864.893
159800 3.63401 0.00234866 -7.64432 -7.64198 864.893
159900 4.69281 0.00303297 -7.64345 -7.64042 864.893
160000 5.81577 0.00375874 -7.64242 -7.63866 864.893
160100 6.32132 0.00408547 -7.64216 -7.63808 864.893
160200 6.14062 0.00396869 -7.64241 -7.63844 864.893
160300 4.72064 0.00305095 -7.64338 -7.64033 864.893
160400 3.2832 0.00212193 -7.64445 -7.64232 864.893
160500 3.53893 0.00228721 -7.64429 -7.642 864.893
160600 4.8593 0.00314057 -7.64322 -7.64008 864.893
160700 5.60924 0.00362526 -7.64272 -7.6391 864.893
160800 5.85174 0.00378199 -7.64267 -7.63889 864.893
160900 5.53979 0.00358037 -7.64285 -7.63927 864.893
161000 4.3639 0.00282039 -7.64351 -7.64069 864.893
161100 3.30055 0.00213315 -7.64426 -7.64213 864.893
161200 3.50052 0.00226239 -7.64435 -7.64209 864.893
161300 5.56065 0.00359385 -7.643 -7.63941 864.893
161400 6.22914 0.0040259 -7.6421 -7.63807 864.893
161500 5.53245 0.00357563 -7.64273 -7.63916 864.893
161600 4.3524 0.00281296 -7.64378 -7.64097 864.893
161700 3.5589 0.00230012 -7.64427 -7.64197 864.893
161800 3.61989 0.00233954 -7.6441 -7.64176 864.893
161900 5.17139 0.00334227 -7.64284 -7.6395 864.893
162000 6.4862 0.00419204 -7.64215 -7.63796 864.893
162100 5.54564 0.00358415 -7.64295 -7.63936 864.893
162200 3.88706 0.00251221 -7.64395 -7.64144 864.893
162300 3.62136 0.00234049 -7.64419 -7.64185 864.893
162400 4.06442 0.00262684 -7.64386 -7.64124 864.893
162500 4.74301 0.00306541 -7.64339 -7.64032 864.893
162600 4.95021 0.00319932 -7.64328 -7.64008 864.893
162700 4.59117 0.00296727 -7.64339 -7.64042 864.893
162800 4.08348 0.00263916 -7.64375 -7.64111 864.893
162900 3.53922 0.0022874 -7.64422 -7.64193 864.893
163000 3.06561 0.00198131 -7.64461 -7.64263 864.893
163100 2.98946 0.00193209 -7.6447 -7.64277 864.893
163200 3.88464 0.00251065 -7.64391 -7.6414 864.893
163300 5.14401 0.00332458 -7.64302 -7.6397 864.893
163400 4.98759 0.00322348 -7.64338 -7.64015 864.893
163500 3.46708 0.00224077 -7.64426 -7.64202 864.893
163600 2.84819 0.00184079 -7.64461 -7.64277 864.893
163700 3.09612 0.00200102 -7.64448 -7.64248 864.893
163800 3.72347 0.00240648 -7.64415 -7.64175 864.893
163900 4.46695 0.00288699 -7.64367 -7.64078 864.893
164000 4.73336 0.00305917 -7.64327 -7.64022 864.893
164100 3.83691 0.0024798 -7.644 -7.64152 864.893
164200 2.79375 0.00180561 -7.64485 -7.64305 864.893
164300 2.56651 0.00165874 -7.64494 -7.64328 864.893
164400 3.29156 0.00212734 -7.64439 -7.64226 864.893
164500 4.57105 0.00295427 -7.64345 -7.6405 864.893
164600 4.3062 0.0027831 -7.64363 -7.64084 864.893
164700 3.61543 0.00233666 -7.6442 -7.64186 864.893
164800 3.14675 0.00203375 -7.64458 -7.64254 864.893
164900 2.7581 0.00178256 -7.64478 -7.643 864.893
165000 2.43818 0.0015758 -7.64498 -7.6434 864.893
165100 2.0838 0.00134676 -7.64529 -7.64394 864.893
165200 2.09049 0.00135109 -7.64533 -7.64398 864.893
165300 2.77923 0.00179622 -7.64479 -7.643 864.893
165400 3.42328 0.00221247 -7.64416 -7.64194 864.893
165500 3.26258 0.0021086 -7.64439 -7.64228 864.893
165600 2.52373 0.00163109 -7.64509 -7.64346 864.893
165700 2.03057 0.00131236 -7.64534 -7.64403 864.893
165800 2.0542 0.00132763 -7.64521 -7.64388 864.893
165900 2.48965 0.00160906 -7.64501 -7.6434 864.893
166000 3.01621 0.00194938 -7.64472 -7.64277 864.893
166100 2.94129 0.00190096 -7.64462 -7.64272 864.893
166200 1.99353 0.00128842 -7.64523 -7.64394 864.893
166300 1.59934 0.00103366 -7.64561 -7.64458 864.893
166400 1.82699 0.00118079 -7.64555 -7.64437 864.893
166500 2.42754 0.00156892 -7.64501 -7.64345 864.893
166600 2.8266 0.00182684 -7.64464 -7.64281 864.893
166700 2.63352 0.00170204 -7.64498 -7.64328 864.893
166800 2.214 0.00143091 -7.6452 -7.64377 864.893
166900 1.75854 0.00113655 -7.64547 -7.64433 864.893
167000 1.46077 0.000944099 -7.6457 -7.64476 864.893
167100 1.34988 0.000872427 -7.64581 -7.64494 864.893
167200 1.55901 0.00100759 -7.64566 -7.64465 864.893
167300 2.12272 0.00137191 -7.6452 -7.64383 864.893
167400 2.18748 0.00141377 -7.64521 -7.6438 864.893
167500 1.55186 0.00100297 -7.6457 -7.6447 864.893
167600 1.23922 0.000800907 -7.64584 -7.64504 864.893
167700 1.3025 0.000841805 -7.64584 -7.645 864.893
167800 1.47698 0.000954575 -7.64577 -7.64481 864.893
167900 1.69131 0.00109309 -7.64553 -7.64444 864.893
168000 1.76201 0.00113879 -7.64542 -7.64428 864.893
168100 1.29826 0.000839068 -7.64587 -7.64503 864.893
168200 1.00172 0.000647414 -7.6461 -7.64546 864.893
168300 0.897645 0.000580149 -7.6461 -7.64552 864.893
168400 0.984285 0.000636144 -7.64602 -7.64539 864.893
168500 1.39432 0.000901149 -7.64583 -7.64493 864.893
168600 1.36661 0.000883242 -7.6458 -7.64492 864.893
168700 0.834131 0.0005391 -7.64612 -7.64558 864.893
168800 0.711389 0.000459771 -7.64625 -7.64579 864.893
168900 0.676276 0.000437078 -7.64632 -7.64588 864.893
169000 0.574178 0.000371092 -7.64636 -7.64599 864.893
169100 0.430578 0.000278283 -7.64644 -7.64616 864.893
169200 0.345922 0.00022357 -7.64653 -7.64631 864.893
169300 0.339673 0.000219531 -7.64654 -7.64632 864.893
169400 0.473099 0.000305764 -7.64642 -7.64611 864.893
169500 0.542243 0.000350452 -7.64637 -7.64602 864.893
169600 0.3924 0.000253608 -7.6465 -7.64624 864.893
169700 0.276124 0.000178459 -7.64657 -7.64639 864.893
169800 0.19267 0.000124523 -7.64663 -7.6465 864.893
169900 0.135511 8.75811e-05 -7.64667 -7.64658 864.893
170000 0.0815005 5.26738e-05 -7.64671 -7.64666 864.893
